spol,razred,leto,visina,teza,kozna_guba,dotikanje_plosce_z_roko,skos_z_mesta,premagovanje_ovir_nazaj,trebusnjaki,predklon_naprej,vesa_v_zgibi,tek_na_60m,vrsta
fantje,1,2009,8629,8627,8551,8606,8591,8561,8581,8603,8546,8363,stevilo
fantje,1,2010,8387,8389,8292,8363,8330,8310,8327,8347,8313,8110,stevilo
fantje,1,2011,8467,8492,8384,8434,8425,8360,8419,8428,8407,8304,stevilo
fantje,1,2012,8754,8755,8715,8721,8709,8671,8691,8724,8669,8520,stevilo
fantje,1,2013,9148,9144,9102,9111,9097,9079,9096,9107,9098,8863,stevilo
fantje,1,2014,9693,9693,9669,9652,9644,9614,9623,9657,9610,9456,stevilo
fantje,1,2015,10338,10329,10273,10292,10275,10245,10259,10288,10260,10073,stevilo
fantje,1,2016,10514,10523,10499,10504,10505,10468,10446,10489,10443,10264,stevilo
fantje,1,2017,10746,10747,10710,10683,10684,10648,10686,10701,10657,10411,stevilo
fantje,1,2018,10531,10536,10495,10505,10501,10444,10481,10491,10451,10212,stevilo
fantje,1,2019,10363,10362,10330,10314,10301,10275,10300,10325,10289,10032,stevilo
fantje,1,2020,2839,2838,2775,2797,2836,2789,2816,2806,2764,2654,stevilo
fantje,1,2021,9390,9384,9329,9286,9334,9296,9289,9312,9315,8977,stevilo
fantje,1,vsa_leta,117799,117819,117124,117268,117232,116760,117014,117278,116822,114239,stevilo
fantje,2,2009,8452,8454,8375,8418,8410,8391,8399,8424,8377,8244,stevilo
fantje,2,2010,8499,8504,8450,8500,8496,8460,8471,8494,8464,8185,stevilo
fantje,2,2011,8352,8361,8301,8331,8317,8266,8302,8333,8296,8165,stevilo
fantje,2,2012,8552,8545,8520,8514,8524,8499,8509,8514,8495,8318,stevilo
fantje,2,2013,8752,8751,8711,8729,8714,8697,8711,8719,8701,8536,stevilo
fantje,2,2014,9232,9238,9213,9189,9195,9165,9182,9190,9163,8996,stevilo
fantje,2,2015,9691,9693,9620,9626,9633,9595,9622,9635,9616,9396,stevilo
fantje,2,2016,10503,10501,10470,10451,10465,10425,10452,10459,10448,10182,stevilo
fantje,2,2017,10511,10497,10472,10464,10454,10409,10441,10449,10435,10200,stevilo
fantje,2,2018,10782,10782,10740,10737,10732,10689,10713,10734,10696,10471,stevilo
fantje,2,2019,10392,10387,10360,10332,10341,10283,10332,10343,10326,9996,stevilo
fantje,2,2020,3692,3664,3647,3614,3710,3627,3670,3664,3615,3355,stevilo
fantje,2,2021,9268,9270,9173,9187,9194,9132,9187,9199,9084,8831,stevilo
fantje,2,vsa_leta,116678,116647,116052,116092,116185,115638,115991,116157,115716,112875,stevilo
fantje,3,2009,8776,8762,8711,8739,8734,8705,8721,8738,8700,8535,stevilo
fantje,3,2010,8498,8519,8449,8481,8480,8444,8483,8478,8452,8196,stevilo
fantje,3,2011,8564,8592,8525,8569,8555,8510,8532,8569,8530,8346,stevilo
fantje,3,2012,8373,8370,8323,8340,8337,8295,8325,8342,8299,8121,stevilo
fantje,3,2013,8700,8697,8641,8677,8642,8635,8663,8673,8646,8411,stevilo
fantje,3,2014,8925,8922,8900,8883,8880,8839,8859,8887,8848,8652,stevilo
fantje,3,2015,9184,9181,9140,9140,9139,9095,9100,9124,9099,8938,stevilo
fantje,3,2016,9766,9769,9733,9717,9679,9646,9680,9702,9648,9443,stevilo
fantje,3,2017,10362,10361,10333,10295,10298,10261,10277,10307,10266,10038,stevilo
fantje,3,2018,10530,10524,10462,10457,10451,10408,10438,10468,10414,10168,stevilo
fantje,3,2019,10578,10580,10536,10530,10537,10491,10500,10558,10498,10265,stevilo
fantje,3,2020,3813,3828,3773,3758,3826,3761,3773,3797,3705,3382,stevilo
fantje,3,2021,9766,9763,9706,9682,9721,9671,9694,9720,9658,9278,stevilo
fantje,3,vsa_leta,115835,115868,115232,115268,115279,114761,115045,115363,114763,111773,stevilo
fantje,4,2009,8388,8385,8311,8351,8336,8316,8324,8349,8296,8111,stevilo
fantje,4,2010,8721,8723,8669,8710,8679,8643,8672,8692,8653,8455,stevilo
fantje,4,2011,8391,8402,8336,8356,8337,8314,8327,8356,8298,8159,stevilo
fantje,4,2012,8626,8626,8598,8611,8591,8567,8588,8604,8572,8341,stevilo
fantje,4,2013,8337,8331,8295,8275,8278,8238,8267,8285,8235,8034,stevilo
fantje,4,2014,8668,8664,8641,8629,8604,8572,8612,8622,8572,8415,stevilo
fantje,4,2015,8821,8810,8782,8790,8761,8741,8750,8779,8748,8611,stevilo
fantje,4,2016,9227,9228,9195,9177,9147,9111,9131,9169,9100,8904,stevilo
fantje,4,2017,9740,9744,9714,9692,9669,9628,9668,9693,9639,9466,stevilo
fantje,4,2018,10420,10403,10359,10367,10351,10281,10322,10370,10294,10082,stevilo
fantje,4,2019,10293,10289,10247,10228,10209,10191,10214,10210,10191,9930,stevilo
fantje,4,2020,3858,3855,3825,3791,3839,3782,3850,3822,3760,3530,stevilo
fantje,4,2021,9794,9808,9761,9754,9711,9638,9695,9727,9678,9323,stevilo
fantje,4,vsa_leta,113284,113268,112733,112731,112512,112022,112420,112678,112036,109361,stevilo
fantje,5,2009,8669,8665,8597,8634,8589,8576,8582,8612,8556,8355,stevilo
fantje,5,2010,8438,8445,8356,8418,8381,8348,8361,8394,8332,8148,stevilo
fantje,5,2011,8791,8800,8748,8769,8745,8693,8738,8773,8708,8584,stevilo
fantje,5,2012,8534,8535,8471,8483,8458,8430,8463,8464,8437,8238,stevilo
fantje,5,2013,8523,8512,8487,8495,8455,8409,8451,8481,8436,8222,stevilo
fantje,5,2014,8396,8391,8376,8353,8326,8282,8322,8342,8297,8136,stevilo
fantje,5,2015,8636,8634,8589,8577,8566,8501,8542,8577,8520,8292,stevilo
fantje,5,2016,8981,8983,8968,8936,8899,8865,8910,8934,8869,8690,stevilo
fantje,5,2017,9287,9281,9258,9239,9212,9149,9204,9227,9164,8968,stevilo
fantje,5,2018,9773,9768,9723,9714,9692,9644,9675,9699,9627,9371,stevilo
fantje,5,2019,10261,10258,10227,10174,10171,10094,10152,10172,10128,9730,stevilo
fantje,5,2020,4267,4282,4157,4140,4108,4059,4136,4155,4022,3913,stevilo
fantje,5,2021,10202,10196,10101,10092,10071,9953,9997,10073,9927,9551,stevilo
fantje,5,vsa_leta,112758,112750,112058,112024,111673,111003,111533,111903,111023,108198,stevilo
fantje,6,2009,8728,8733,8659,8663,8651,8601,8638,8668,8585,8406,stevilo
fantje,6,2010,8785,8785,8733,8771,8735,8697,8711,8753,8697,8512,stevilo
fantje,6,2011,8511,8506,8447,8452,8414,8381,8434,8444,8375,8283,stevilo
fantje,6,2012,8973,8975,8938,8917,8867,8844,8879,8903,8857,8696,stevilo
fantje,6,2013,8617,8618,8579,8590,8551,8503,8516,8561,8514,8361,stevilo
fantje,6,2014,8707,8707,8675,8660,8627,8581,8606,8643,8582,8517,stevilo
fantje,6,2015,8500,8497,8459,8443,8401,8364,8396,8435,8378,8246,stevilo
fantje,6,2016,8772,8766,8759,8708,8638,8590,8637,8675,8616,8467,stevilo
fantje,6,2017,9060,9055,9042,9011,8960,8886,8927,8987,8898,8737,stevilo
fantje,6,2018,9569,9563,9556,9522,9461,9406,9452,9507,9392,9255,stevilo
fantje,6,2019,9709,9713,9693,9633,9600,9555,9585,9618,9560,9318,stevilo
fantje,6,2020,4788,4787,4676,4626,4585,4520,4546,4642,4505,4298,stevilo
fantje,6,2021,10090,10102,10061,10020,9973,9870,9917,9998,9931,9584,stevilo
fantje,6,vsa_leta,112809,112807,112277,112016,111463,110798,111244,111834,110890,108680,stevilo
fantje,7,2009,8904,8893,8801,8824,8766,8703,8760,8792,8678,8493,stevilo
fantje,7,2010,8693,8689,8626,8655,8617,8550,8584,8634,8572,8379,stevilo
fantje,7,2011,8659,8654,8579,8597,8535,8466,8516,8562,8495,8348,stevilo
fantje,7,2012,8470,8476,8429,8429,8380,8330,8381,8421,8357,8185,stevilo
fantje,7,2013,8784,8772,8731,8736,8659,8622,8645,8699,8611,8463,stevilo
fantje,7,2014,8612,8615,8588,8560,8511,8457,8515,8537,8473,8328,stevilo
fantje,7,2015,8656,8644,8613,8573,8479,8406,8481,8554,8449,8373,stevilo
fantje,7,2016,8449,8449,8443,8378,8324,8261,8322,8351,8284,8133,stevilo
fantje,7,2017,8645,8628,8627,8558,8488,8397,8451,8521,8415,8314,stevilo
fantje,7,2018,8944,8952,8925,8894,8816,8722,8768,8862,8769,8620,stevilo
fantje,7,2019,9204,9199,9176,9146,9060,8980,9048,9116,9014,8755,stevilo
fantje,7,2020,4258,4259,4210,4070,4051,3972,4008,4085,3924,3875,stevilo
fantje,7,2021,10067,10064,9996,9943,9905,9772,9853,9943,9837,9430,stevilo
fantje,7,vsa_leta,110345,110294,109744,109363,108591,107638,108332,109077,107878,105696,stevilo
fantje,8,2009,9007,8976,8914,8961,8858,8801,8854,8906,8835,8610,stevilo
fantje,8,2010,8775,8758,8666,8704,8636,8559,8599,8669,8584,8282,stevilo
fantje,8,2011,8623,8613,8497,8545,8464,8371,8410,8483,8411,8181,stevilo
fantje,8,2012,8560,8548,8532,8495,8438,8346,8407,8456,8360,8193,stevilo
fantje,8,2013,8349,8327,8303,8294,8215,8116,8189,8249,8181,7915,stevilo
fantje,8,2014,8704,8694,8683,8627,8548,8478,8554,8604,8492,8403,stevilo
fantje,8,2015,8495,8491,8466,8421,8335,8259,8304,8357,8307,8144,stevilo
fantje,8,2016,8629,8620,8597,8515,8468,8373,8430,8514,8399,8291,stevilo
fantje,8,2017,8347,8341,8311,8238,8146,8052,8140,8218,8116,7956,stevilo
fantje,8,2018,8643,8635,8606,8579,8507,8427,8495,8549,8475,8284,stevilo
fantje,8,2019,8641,8625,8614,8550,8469,8357,8458,8511,8415,8130,stevilo
fantje,8,2020,4074,4067,3981,3905,3903,3707,3799,3946,3735,3505,stevilo
fantje,8,2021,9087,9078,9004,8975,8900,8744,8865,8957,8830,8462,stevilo
fantje,8,vsa_leta,107934,107773,107174,106809,105887,104590,105504,106419,105140,102356,stevilo
fantje,9,2009,8851,8832,8753,8741,8661,8561,8619,8710,8589,8302,stevilo
fantje,9,2010,8703,8685,8613,8644,8555,8430,8504,8566,8499,8176,stevilo
fantje,9,2011,8480,8471,8389,8372,8273,8164,8233,8337,8247,8071,stevilo
fantje,9,2012,8381,8355,8307,8298,8212,8094,8182,8237,8155,7925,stevilo
fantje,9,2013,8297,8291,8247,8212,8134,8037,8101,8180,8113,7849,stevilo
fantje,9,2014,8144,8127,8102,8035,7927,7850,7918,7985,7904,7725,stevilo
fantje,9,2015,8460,8449,8398,8336,8265,8179,8224,8296,8246,8024,stevilo
fantje,9,2016,8262,8261,8235,8164,8068,7969,8032,8109,8041,7799,stevilo
fantje,9,2017,8326,8319,8290,8225,8130,8021,8089,8186,8104,7872,stevilo
fantje,9,2018,8119,8101,8066,8013,7922,7790,7882,7956,7917,7695,stevilo
fantje,9,2019,8120,8107,8083,8044,7928,7832,7899,7980,7880,7500,stevilo
fantje,9,2020,2487,2486,2402,2119,2041,1857,1871,2094,1880,1958,stevilo
fantje,9,2021,8601,8580,8555,8472,8403,8226,8348,8436,8336,7941,stevilo
fantje,9,vsa_leta,103231,103064,102440,101675,100519,99010,99902,101072,99911,96837,stevilo
fantje,vsi_razredi_skupaj,2009,78404,78327,77672,77937,77596,77215,77478,77802,77162,75419,stevilo
fantje,vsi_razredi_skupaj,2010,77499,77497,76854,77246,76909,76441,76712,77027,76566,74443,stevilo
fantje,vsi_razredi_skupaj,2011,76838,76891,76206,76425,76065,75525,75911,76285,75767,74441,stevilo
fantje,vsi_razredi_skupaj,2012,77223,77185,76833,76808,76516,76076,76425,76665,76201,74537,stevilo
fantje,vsi_razredi_skupaj,2013,77507,77443,77096,77119,76745,76336,76639,76954,76535,74654,stevilo
fantje,vsi_razredi_skupaj,2014,79081,79051,78847,78588,78262,77838,78191,78467,77941,76628,stevilo
fantje,vsi_razredi_skupaj,2015,80781,80728,80340,80198,79854,79385,79678,80045,79623,78097,stevilo
fantje,vsi_razredi_skupaj,2016,83103,83100,82899,82550,82193,81708,82040,82402,81848,80173,stevilo
fantje,vsi_razredi_skupaj,2017,85024,84973,84757,84405,84041,83451,83883,84289,83694,81962,stevilo
fantje,vsi_razredi_skupaj,2018,87311,87264,86932,86788,86433,85811,86226,86636,86035,84158,stevilo
fantje,vsi_razredi_skupaj,2019,87561,87520,87266,86951,86616,86058,86488,86833,86301,83656,stevilo
fantje,vsi_razredi_skupaj,2020,34076,34066,33446,32820,32899,32074,32469,33011,31910,30470,stevilo
fantje,vsi_razredi_skupaj,2021,86265,86245,85686,85411,85212,84302,84845,85365,84596,81377,stevilo
fantje,vsi_razredi_skupaj,vsa_leta,1010673,1010290,1004834,1003246,999341,992220,996985,1001781,994179,970015,stevilo
punce,1,2009,8032,8027,7950,8009,7986,7960,7964,8003,7953,7747,stevilo
punce,1,2010,7884,7887,7815,7859,7843,7823,7837,7847,7820,7595,stevilo
punce,1,2011,8195,8219,8137,8171,8171,8106,8149,8172,8140,7996,stevilo
punce,1,2012,8121,8125,8088,8102,8101,8066,8055,8109,8052,7850,stevilo
punce,1,2013,8626,8623,8593,8594,8572,8553,8591,8596,8579,8314,stevilo
punce,1,2014,9204,9195,9171,9163,9144,9113,9127,9167,9110,8922,stevilo
punce,1,2015,9992,9989,9898,9924,9923,9900,9902,9922,9893,9733,stevilo
punce,1,2016,9837,9830,9817,9793,9804,9751,9789,9807,9771,9575,stevilo
punce,1,2017,10214,10215,10181,10146,10162,10113,10150,10165,10140,9863,stevilo
punce,1,2018,10019,10027,10003,9996,9992,9956,9964,9993,9948,9635,stevilo
punce,1,2019,9815,9817,9791,9782,9771,9723,9756,9786,9750,9417,stevilo
punce,1,2020,2613,2613,2585,2604,2611,2579,2592,2603,2558,2462,stevilo
punce,1,2021,8924,8934,8880,8852,8891,8882,8857,8888,8885,8560,stevilo
punce,1,vsa_leta,111476,111501,110909,110995,110971,110525,110733,111058,110599,107669,stevilo
punce,2,2009,7975,7974,7912,7958,7938,7903,7929,7958,7902,7735,stevilo
punce,2,2010,8003,7998,7943,7996,7982,7960,7974,8009,7949,7699,stevilo
punce,2,2011,7943,7957,7901,7924,7919,7876,7911,7934,7907,7728,stevilo
punce,2,2012,8218,8223,8188,8189,8184,8158,8168,8189,8158,7917,stevilo
punce,2,2013,8178,8175,8142,8151,8144,8116,8137,8147,8138,7910,stevilo
punce,2,2014,8735,8736,8716,8683,8681,8654,8669,8702,8656,8513,stevilo
punce,2,2015,9067,9063,9003,9005,9009,8967,9002,9025,8968,8787,stevilo
punce,2,2016,10151,10154,10124,10108,10098,10049,10075,10110,10063,9798,stevilo
punce,2,2017,10012,9998,9978,9957,9943,9901,9922,9960,9932,9698,stevilo
punce,2,2018,10240,10238,10217,10183,10205,10162,10181,10197,10156,9911,stevilo
punce,2,2019,9726,9726,9695,9662,9663,9626,9660,9687,9649,9336,stevilo
punce,2,2020,3614,3605,3582,3561,3624,3538,3595,3602,3545,3276,stevilo
punce,2,2021,8813,8824,8745,8770,8786,8719,8756,8793,8678,8430,stevilo
punce,2,vsa_leta,110675,110671,110146,110147,110176,109629,109979,110313,109701,106738,stevilo
punce,3,2009,8212,8203,8145,8177,8156,8129,8150,8172,8129,7913,stevilo
punce,3,2010,8035,8044,7992,8029,8002,7975,8007,8013,7995,7700,stevilo
punce,3,2011,8020,8035,7962,8010,7987,7962,7998,8001,7970,7779,stevilo
punce,3,2012,7925,7925,7894,7897,7890,7861,7883,7900,7858,7648,stevilo
punce,3,2013,8362,8360,8310,8338,8301,8295,8296,8323,8295,8090,stevilo
punce,3,2014,8353,8346,8329,8309,8286,8261,8287,8296,8264,8065,stevilo
punce,3,2015,8793,8789,8754,8755,8721,8703,8721,8739,8697,8492,stevilo
punce,3,2016,9263,9262,9243,9228,9203,9175,9198,9229,9172,8930,stevilo
punce,3,2017,10158,10163,10135,10123,10087,10078,10087,10131,10063,9783,stevilo
punce,3,2018,9914,9907,9870,9852,9855,9825,9853,9871,9826,9541,stevilo
punce,3,2019,10056,10056,10015,10006,10000,9949,9967,10011,9961,9621,stevilo
punce,3,2020,3539,3537,3491,3477,3548,3492,3509,3542,3445,3179,stevilo
punce,3,2021,9226,9218,9152,9166,9181,9122,9178,9203,9084,8693,stevilo
punce,3,vsa_leta,109856,109845,109292,109367,109217,108827,109134,109431,108759,105434,stevilo
punce,4,2009,7863,7860,7790,7848,7814,7787,7794,7835,7772,7555,stevilo
punce,4,2010,8211,8211,8157,8192,8169,8122,8163,8185,8120,7876,stevilo
punce,4,2011,7967,7965,7917,7921,7908,7867,7892,7927,7869,7675,stevilo
punce,4,2012,8080,8072,8042,8054,8039,8006,8025,8063,8007,7783,stevilo
punce,4,2013,7953,7948,7920,7928,7895,7873,7892,7939,7878,7675,stevilo
punce,4,2014,8367,8360,8332,8308,8283,8216,8281,8314,8226,8080,stevilo
punce,4,2015,8243,8239,8193,8200,8178,8132,8159,8195,8128,7967,stevilo
punce,4,2016,8815,8815,8782,8764,8735,8707,8740,8760,8690,8500,stevilo
punce,4,2017,9337,9341,9305,9276,9258,9209,9265,9293,9239,8960,stevilo
punce,4,2018,10201,10191,10138,10138,10113,10043,10094,10147,10061,9737,stevilo
punce,4,2019,9692,9688,9640,9631,9605,9544,9596,9614,9572,9310,stevilo
punce,4,2020,3735,3734,3688,3658,3723,3649,3709,3690,3631,3336,stevilo
punce,4,2021,9294,9300,9246,9236,9187,9137,9188,9220,9147,8735,stevilo
punce,4,vsa_leta,107758,107724,107150,107154,106907,106292,106798,107182,106340,103189,stevilo
punce,5,2009,8085,8074,8024,8024,7970,7951,7968,8025,7960,7686,stevilo
punce,5,2010,7990,8000,7916,7959,7900,7861,7904,7939,7858,7623,stevilo
punce,5,2011,8225,8244,8179,8194,8152,8087,8149,8196,8132,7937,stevilo
punce,5,2012,8115,8113,8062,8063,8018,7961,8018,8062,7996,7719,stevilo
punce,5,2013,8028,8016,7996,7984,7951,7908,7953,7989,7925,7697,stevilo
punce,5,2014,7988,7982,7979,7948,7878,7849,7904,7930,7884,7695,stevilo
punce,5,2015,8301,8299,8259,8231,8192,8143,8173,8217,8168,7941,stevilo
punce,5,2016,8338,8335,8308,8284,8227,8198,8245,8273,8223,8028,stevilo
punce,5,2017,8908,8903,8859,8856,8789,8738,8794,8830,8761,8497,stevilo
punce,5,2018,9241,9244,9185,9164,9120,9068,9136,9178,9071,8781,stevilo
punce,5,2019,9914,9904,9870,9843,9802,9715,9825,9853,9764,9338,stevilo
punce,5,2020,4082,4089,3987,3951,3910,3895,3943,3963,3845,3735,stevilo
punce,5,2021,9734,9721,9630,9645,9577,9426,9544,9648,9487,9057,stevilo
punce,5,vsa_leta,106949,106924,106254,106146,105486,104800,105556,106103,105074,101734,stevilo
punce,6,2009,8198,8194,8133,8150,8100,8057,8082,8130,8046,7872,stevilo
punce,6,2010,8152,8156,8128,8131,8062,8032,8056,8112,8015,7811,stevilo
punce,6,2011,8044,8039,7986,7991,7955,7902,7956,7990,7925,7783,stevilo
punce,6,2012,8466,8461,8427,8406,8353,8310,8357,8395,8300,8119,stevilo
punce,6,2013,8107,8110,8070,8053,8016,7972,8013,8053,7998,7808,stevilo
punce,6,2014,8177,8171,8161,8143,8067,8012,8076,8123,8035,7891,stevilo
punce,6,2015,8038,8038,8016,7992,7925,7882,7941,7980,7920,7729,stevilo
punce,6,2016,8414,8404,8395,8359,8278,8226,8278,8338,8253,8034,stevilo
punce,6,2017,8470,8465,8450,8423,8342,8305,8363,8400,8294,8136,stevilo
punce,6,2018,9118,9110,9088,9061,8948,8922,8968,9039,8914,8661,stevilo
punce,6,2019,9207,9205,9173,9131,9062,8970,9071,9116,9017,8715,stevilo
punce,6,2020,4507,4516,4438,4382,4370,4231,4326,4387,4272,4133,stevilo
punce,6,2021,9606,9591,9556,9524,9451,9351,9445,9515,9395,9077,stevilo
punce,6,vsa_leta,106504,106460,106021,105746,104929,104172,104932,105578,104384,101769,stevilo
punce,7,2009,8315,8296,8253,8232,8173,8120,8157,8235,8116,7857,stevilo
punce,7,2010,8166,8161,8100,8136,8077,8028,8066,8123,8019,7759,stevilo
punce,7,2011,8095,8081,8035,8029,7948,7904,7954,8008,7922,7766,stevilo
punce,7,2012,8001,7993,7967,7943,7849,7795,7849,7932,7840,7567,stevilo
punce,7,2013,8380,8369,8299,8312,8223,8168,8217,8283,8195,7967,stevilo
punce,7,2014,8067,8053,8041,8019,7910,7862,7916,7998,7870,7691,stevilo
punce,7,2015,8129,8119,8086,8050,7922,7849,7924,8026,7904,7734,stevilo
punce,7,2016,8018,8005,8000,7948,7868,7769,7816,7939,7822,7587,stevilo
punce,7,2017,8380,8361,8347,8301,8158,8117,8182,8268,8135,7895,stevilo
punce,7,2018,8371,8356,8330,8259,8141,8042,8136,8251,8108,7875,stevilo
punce,7,2019,8668,8656,8603,8607,8480,8379,8492,8548,8439,8026,stevilo
punce,7,2020,4213,4217,4144,4094,4028,3870,3979,4071,3882,3822,stevilo
punce,7,2021,9630,9626,9548,9510,9393,9244,9397,9487,9385,8895,stevilo
punce,7,vsa_leta,104433,104293,103753,103440,102170,101147,102085,103169,101637,98441,stevilo
punce,8,2009,8343,8312,8273,8283,8168,8080,8169,8245,8126,7729,stevilo
punce,8,2010,8190,8173,8115,8121,8028,7945,8000,8077,7985,7563,stevilo
punce,8,2011,8075,8061,8010,8000,7881,7799,7897,7980,7836,7603,stevilo
punce,8,2012,8022,7979,7985,7945,7844,7753,7864,7927,7851,7460,stevilo
punce,8,2013,7949,7926,7872,7841,7707,7593,7702,7827,7667,7333,stevilo
punce,8,2014,8338,8320,8286,8270,8097,8023,8144,8212,8111,7804,stevilo
punce,8,2015,7996,7971,7922,7905,7727,7643,7738,7858,7703,7387,stevilo
punce,8,2016,8010,7985,7970,7908,7768,7681,7766,7878,7745,7476,stevilo
punce,8,2017,7975,7958,7934,7868,7686,7587,7694,7807,7654,7379,stevilo
punce,8,2018,8289,8268,8240,8218,8031,7947,8040,8160,8014,7646,stevilo
punce,8,2019,8090,8073,8045,7981,7810,7712,7808,7938,7767,7318,stevilo
punce,8,2020,3815,3792,3751,3709,3579,3436,3513,3684,3467,3399,stevilo
punce,8,2021,8699,8695,8612,8581,8428,8276,8446,8551,8360,7952,stevilo
punce,8,vsa_leta,101791,101513,101015,100630,98754,97475,98781,100144,98286,94049,stevilo
punce,9,2009,8573,8534,8479,8458,8349,8203,8315,8431,8241,7821,stevilo
punce,9,2010,8110,8048,8014,8000,7842,7720,7856,7968,7784,7421,stevilo
punce,9,2011,7984,7972,7932,7899,7743,7629,7756,7853,7679,7422,stevilo
punce,9,2012,7913,7864,7850,7820,7654,7572,7659,7771,7601,7234,stevilo
punce,9,2013,7808,7785,7737,7708,7533,7437,7542,7664,7490,7180,stevilo
punce,9,2014,7784,7744,7726,7649,7505,7402,7522,7602,7461,7085,stevilo
punce,9,2015,8119,8087,8049,7994,7795,7696,7852,7958,7810,7401,stevilo
punce,9,2016,7785,7751,7754,7669,7466,7382,7483,7633,7449,7095,stevilo
punce,9,2017,7899,7857,7850,7811,7601,7474,7617,7756,7568,7198,stevilo
punce,9,2018,7822,7808,7725,7688,7468,7400,7524,7667,7466,7109,stevilo
punce,9,2019,7908,7882,7872,7805,7575,7444,7563,7732,7517,6891,stevilo
punce,9,2020,2258,2242,2178,1993,1843,1648,1768,1925,1772,1738,stevilo
punce,9,2021,8105,8066,7995,7927,7787,7599,7745,7899,7761,7184,stevilo
punce,9,vsa_leta,98068,97640,97161,96421,94161,92606,94202,95859,93599,88779,stevilo
punce,vsi_razredi_skupaj,2009,73596,73474,72959,73139,72654,72190,72528,73034,72245,69915,stevilo
punce,vsi_razredi_skupaj,2010,72741,72678,72180,72423,71905,71466,71863,72273,71545,69047,stevilo
punce,vsi_razredi_skupaj,2011,72548,72573,72059,72139,71664,71132,71662,72061,71380,69689,stevilo
punce,vsi_razredi_skupaj,2012,72861,72755,72503,72419,71932,71482,71878,72348,71663,69297,stevilo
punce,vsi_razredi_skupaj,2013,73391,73312,72939,72909,72342,71915,72343,72821,72165,69974,stevilo
punce,vsi_razredi_skupaj,2014,75013,74907,74741,74492,73851,73392,73926,74344,73617,71746,stevilo
punce,vsi_razredi_skupaj,2015,76678,76594,76180,76056,75392,74915,75412,75920,75191,73171,stevilo
punce,vsi_razredi_skupaj,2016,78631,78541,78393,78061,77447,76938,77390,77967,77188,75023,stevilo
punce,vsi_razredi_skupaj,2017,81353,81261,81039,80761,80026,79522,80074,80610,79786,77409,stevilo
punce,vsi_razredi_skupaj,2018,83215,83149,82796,82559,81873,81365,81896,82503,81564,78896,stevilo
punce,vsi_razredi_skupaj,2019,83076,83007,82704,82448,81768,81062,81738,82285,81436,77972,stevilo
punce,vsi_razredi_skupaj,2020,32376,32345,31844,31429,31236,30338,30934,31467,30417,29080,stevilo
punce,vsi_razredi_skupaj,2021,82031,81975,81364,81211,80681,79756,80556,81204,80182,76583,stevilo
punce,vsi_razredi_skupaj,vsa_leta,957510,956571,951701,950046,942771,935473,942200,948837,938379,907802,stevilo
fantje_in_punce,1,2009,16661,16654,16501,16615,16577,16521,16545,16606,16499,16110,stevilo
fantje_in_punce,1,2010,16271,16276,16107,16222,16173,16133,16164,16194,16133,15705,stevilo
fantje_in_punce,1,2011,16662,16711,16521,16605,16596,16466,16568,16600,16547,16300,stevilo
fantje_in_punce,1,2012,16875,16880,16803,16823,16810,16737,16746,16833,16721,16370,stevilo
fantje_in_punce,1,2013,17774,17767,17695,17705,17669,17632,17687,17703,17677,17177,stevilo
fantje_in_punce,1,2014,18897,18888,18840,18815,18788,18727,18750,18824,18720,18378,stevilo
fantje_in_punce,1,2015,20330,20318,20171,20216,20198,20145,20161,20210,20153,19806,stevilo
fantje_in_punce,1,2016,20351,20353,20316,20297,20309,20219,20235,20296,20214,19839,stevilo
fantje_in_punce,1,2017,20960,20962,20891,20829,20846,20761,20836,20866,20797,20274,stevilo
fantje_in_punce,1,2018,20550,20563,20498,20501,20493,20400,20445,20484,20399,19847,stevilo
fantje_in_punce,1,2019,20178,20179,20121,20096,20072,19998,20056,20111,20039,19449,stevilo
fantje_in_punce,1,2020,5452,5451,5360,5401,5447,5368,5408,5409,5322,5116,stevilo
fantje_in_punce,1,2021,18314,18318,18209,18138,18225,18178,18146,18200,18200,17537,stevilo
fantje_in_punce,1,vsa_leta,229275,229320,228033,228263,228203,227285,227747,228336,227421,221908,stevilo
fantje_in_punce,2,2009,16427,16428,16287,16376,16348,16294,16328,16382,16279,15979,stevilo
fantje_in_punce,2,2010,16502,16502,16393,16496,16478,16420,16445,16503,16413,15884,stevilo
fantje_in_punce,2,2011,16295,16318,16202,16255,16236,16142,16213,16267,16203,15893,stevilo
fantje_in_punce,2,2012,16770,16768,16708,16703,16708,16657,16677,16703,16653,16235,stevilo
fantje_in_punce,2,2013,16930,16926,16853,16880,16858,16813,16848,16866,16839,16446,stevilo
fantje_in_punce,2,2014,17967,17974,17929,17872,17876,17819,17851,17892,17819,17509,stevilo
fantje_in_punce,2,2015,18758,18756,18623,18631,18642,18562,18624,18660,18584,18183,stevilo
fantje_in_punce,2,2016,20654,20655,20594,20559,20563,20474,20527,20569,20511,19980,stevilo
fantje_in_punce,2,2017,20523,20495,20450,20421,20397,20310,20363,20409,20367,19898,stevilo
fantje_in_punce,2,2018,21022,21020,20957,20920,20937,20851,20894,20931,20852,20382,stevilo
fantje_in_punce,2,2019,20118,20113,20055,19994,20004,19909,19992,20030,19975,19332,stevilo
fantje_in_punce,2,2020,7306,7269,7229,7175,7334,7165,7265,7266,7160,6631,stevilo
fantje_in_punce,2,2021,18081,18094,17918,17957,17980,17851,17943,17992,17762,17261,stevilo
fantje_in_punce,2,vsa_leta,227353,227318,226198,226239,226361,225267,225970,226470,225417,219613,stevilo
fantje_in_punce,3,2009,16988,16965,16856,16916,16890,16834,16871,16910,16829,16448,stevilo
fantje_in_punce,3,2010,16533,16563,16441,16510,16482,16419,16490,16491,16447,15896,stevilo
fantje_in_punce,3,2011,16584,16627,16487,16579,16542,16472,16530,16570,16500,16125,stevilo
fantje_in_punce,3,2012,16298,16295,16217,16237,16227,16156,16208,16242,16157,15769,stevilo
fantje_in_punce,3,2013,17062,17057,16951,17015,16943,16930,16959,16996,16941,16501,stevilo
fantje_in_punce,3,2014,17278,17268,17229,17192,17166,17100,17146,17183,17112,16717,stevilo
fantje_in_punce,3,2015,17977,17970,17894,17895,17860,17798,17821,17863,17796,17430,stevilo
fantje_in_punce,3,2016,19029,19031,18976,18945,18882,18821,18878,18931,18820,18373,stevilo
fantje_in_punce,3,2017,20520,20524,20468,20418,20385,20339,20364,20438,20329,19821,stevilo
fantje_in_punce,3,2018,20444,20431,20332,20309,20306,20233,20291,20339,20240,19709,stevilo
fantje_in_punce,3,2019,20634,20636,20551,20536,20537,20440,20467,20569,20459,19886,stevilo
fantje_in_punce,3,2020,7352,7365,7264,7235,7374,7253,7282,7339,7150,6561,stevilo
fantje_in_punce,3,2021,18992,18981,18858,18848,18902,18793,18872,18923,18742,17971,stevilo
fantje_in_punce,3,vsa_leta,225691,225713,224524,224635,224496,223588,224179,224794,223522,217207,stevilo
fantje_in_punce,4,2009,16251,16245,16101,16199,16150,16103,16118,16184,16068,15666,stevilo
fantje_in_punce,4,2010,16932,16934,16826,16902,16848,16765,16835,16877,16773,16331,stevilo
fantje_in_punce,4,2011,16358,16367,16253,16277,16245,16181,16219,16283,16167,15834,stevilo
fantje_in_punce,4,2012,16706,16698,16640,16665,16630,16573,16613,16667,16579,16124,stevilo
fantje_in_punce,4,2013,16290,16279,16215,16203,16173,16111,16159,16224,16113,15709,stevilo
fantje_in_punce,4,2014,17035,17024,16973,16937,16887,16788,16893,16936,16798,16495,stevilo
fantje_in_punce,4,2015,17064,17049,16975,16990,16939,16873,16909,16974,16876,16578,stevilo
fantje_in_punce,4,2016,18042,18043,17977,17941,17882,17818,17871,17929,17790,17404,stevilo
fantje_in_punce,4,2017,19077,19085,19019,18968,18927,18837,18933,18986,18878,18426,stevilo
fantje_in_punce,4,2018,20621,20594,20497,20505,20464,20324,20416,20517,20355,19819,stevilo
fantje_in_punce,4,2019,19985,19977,19887,19859,19814,19735,19810,19824,19763,19240,stevilo
fantje_in_punce,4,2020,7593,7589,7513,7449,7562,7431,7559,7512,7391,6866,stevilo
fantje_in_punce,4,2021,19088,19108,19007,18990,18898,18775,18883,18947,18825,18058,stevilo
fantje_in_punce,4,vsa_leta,221042,220992,219883,219885,219419,218314,219218,219860,218376,212550,stevilo
fantje_in_punce,5,2009,16754,16739,16621,16658,16559,16527,16550,16637,16516,16041,stevilo
fantje_in_punce,5,2010,16428,16445,16272,16377,16281,16209,16265,16333,16190,15771,stevilo
fantje_in_punce,5,2011,17016,17044,16927,16963,16897,16780,16887,16969,16840,16521,stevilo
fantje_in_punce,5,2012,16649,16648,16533,16546,16476,16391,16481,16526,16433,15957,stevilo
fantje_in_punce,5,2013,16551,16528,16483,16479,16406,16317,16404,16470,16361,15919,stevilo
fantje_in_punce,5,2014,16384,16373,16355,16301,16204,16131,16226,16272,16181,15831,stevilo
fantje_in_punce,5,2015,16937,16933,16848,16808,16758,16644,16715,16794,16688,16233,stevilo
fantje_in_punce,5,2016,17319,17318,17276,17220,17126,17063,17155,17207,17092,16718,stevilo
fantje_in_punce,5,2017,18195,18184,18117,18095,18001,17887,17998,18057,17925,17465,stevilo
fantje_in_punce,5,2018,19014,19012,18908,18878,18812,18712,18811,18877,18698,18152,stevilo
fantje_in_punce,5,2019,20175,20162,20097,20017,19973,19809,19977,20025,19892,19068,stevilo
fantje_in_punce,5,2020,8349,8371,8144,8091,8018,7954,8079,8118,7867,7648,stevilo
fantje_in_punce,5,2021,19936,19917,19731,19737,19648,19379,19541,19721,19414,18608,stevilo
fantje_in_punce,5,vsa_leta,219707,219674,218312,218170,217159,215803,217089,218006,216097,209932,stevilo
fantje_in_punce,6,2009,16926,16927,16792,16813,16751,16658,16720,16798,16631,16278,stevilo
fantje_in_punce,6,2010,16937,16941,16861,16902,16797,16729,16767,16865,16712,16323,stevilo
fantje_in_punce,6,2011,16555,16545,16433,16443,16369,16283,16390,16434,16300,16066,stevilo
fantje_in_punce,6,2012,17439,17436,17365,17323,17220,17154,17236,17298,17157,16815,stevilo
fantje_in_punce,6,2013,16724,16728,16649,16643,16567,16475,16529,16614,16512,16169,stevilo
fantje_in_punce,6,2014,16884,16878,16836,16803,16694,16593,16682,16766,16617,16408,stevilo
fantje_in_punce,6,2015,16538,16535,16475,16435,16326,16246,16337,16415,16298,15975,stevilo
fantje_in_punce,6,2016,17186,17170,17154,17067,16916,16816,16915,17013,16869,16501,stevilo
fantje_in_punce,6,2017,17530,17520,17492,17434,17302,17191,17290,17387,17192,16873,stevilo
fantje_in_punce,6,2018,18687,18673,18644,18583,18409,18328,18420,18546,18306,17916,stevilo
fantje_in_punce,6,2019,18916,18918,18866,18764,18662,18525,18656,18734,18577,18033,stevilo
fantje_in_punce,6,2020,9295,9303,9114,9008,8955,8751,8872,9029,8777,8431,stevilo
fantje_in_punce,6,2021,19696,19693,19617,19544,19424,19221,19362,19513,19326,18661,stevilo
fantje_in_punce,6,vsa_leta,219313,219267,218298,217762,216392,214970,216176,217412,215274,210449,stevilo
fantje_in_punce,7,2009,17219,17189,17054,17056,16939,16823,16917,17027,16794,16350,stevilo
fantje_in_punce,7,2010,16859,16850,16726,16791,16694,16578,16650,16757,16591,16138,stevilo
fantje_in_punce,7,2011,16754,16735,16614,16626,16483,16370,16470,16570,16417,16114,stevilo
fantje_in_punce,7,2012,16471,16469,16396,16372,16229,16125,16230,16353,16197,15752,stevilo
fantje_in_punce,7,2013,17164,17141,17030,17048,16882,16790,16862,16982,16806,16430,stevilo
fantje_in_punce,7,2014,16679,16668,16629,16579,16421,16319,16431,16535,16343,16019,stevilo
fantje_in_punce,7,2015,16785,16763,16699,16623,16401,16255,16405,16580,16353,16107,stevilo
fantje_in_punce,7,2016,16467,16454,16443,16326,16192,16030,16138,16290,16106,15720,stevilo
fantje_in_punce,7,2017,17025,16989,16974,16859,16646,16514,16633,16789,16550,16209,stevilo
fantje_in_punce,7,2018,17315,17308,17255,17153,16957,16764,16904,17113,16877,16495,stevilo
fantje_in_punce,7,2019,17872,17855,17779,17753,17540,17359,17540,17664,17453,16781,stevilo
fantje_in_punce,7,2020,8471,8476,8354,8164,8079,7842,7987,8156,7806,7697,stevilo
fantje_in_punce,7,2021,19697,19690,19544,19453,19298,19016,19250,19430,19222,18325,stevilo
fantje_in_punce,7,vsa_leta,214778,214587,213497,212803,210761,208785,210417,212246,209515,204137,stevilo
fantje_in_punce,8,2009,17350,17288,17187,17244,17026,16881,17023,17151,16961,16339,stevilo
fantje_in_punce,8,2010,16965,16931,16781,16825,16664,16504,16599,16746,16569,15845,stevilo
fantje_in_punce,8,2011,16698,16674,16507,16545,16345,16170,16307,16463,16247,15784,stevilo
fantje_in_punce,8,2012,16582,16527,16517,16440,16282,16099,16271,16383,16211,15653,stevilo
fantje_in_punce,8,2013,16298,16253,16175,16135,15922,15709,15891,16076,15848,15248,stevilo
fantje_in_punce,8,2014,17042,17014,16969,16897,16645,16501,16698,16816,16603,16207,stevilo
fantje_in_punce,8,2015,16491,16462,16388,16326,16062,15902,16042,16215,16010,15531,stevilo
fantje_in_punce,8,2016,16639,16605,16567,16423,16236,16054,16196,16392,16144,15767,stevilo
fantje_in_punce,8,2017,16322,16299,16245,16106,15832,15639,15834,16025,15770,15335,stevilo
fantje_in_punce,8,2018,16932,16903,16846,16797,16538,16374,16535,16709,16489,15930,stevilo
fantje_in_punce,8,2019,16731,16698,16659,16531,16279,16069,16266,16449,16182,15448,stevilo
fantje_in_punce,8,2020,7889,7859,7732,7614,7482,7143,7312,7630,7202,6904,stevilo
fantje_in_punce,8,2021,17786,17773,17616,17556,17328,17020,17311,17508,17190,16414,stevilo
fantje_in_punce,8,vsa_leta,209725,209286,208189,207439,204641,202065,204285,206563,203426,196405,stevilo
fantje_in_punce,9,2009,17424,17366,17232,17199,17010,16764,16934,17141,16830,16123,stevilo
fantje_in_punce,9,2010,16813,16733,16627,16644,16397,16150,16360,16534,16283,15597,stevilo
fantje_in_punce,9,2011,16464,16443,16321,16271,16016,15793,15989,16190,15926,15493,stevilo
fantje_in_punce,9,2012,16294,16219,16157,16118,15866,15666,15841,16008,15756,15159,stevilo
fantje_in_punce,9,2013,16105,16076,15984,15920,15667,15474,15643,15844,15603,15029,stevilo
fantje_in_punce,9,2014,15928,15871,15828,15684,15432,15252,15440,15587,15365,14810,stevilo
fantje_in_punce,9,2015,16579,16536,16447,16330,16060,15875,16076,16254,16056,15425,stevilo
fantje_in_punce,9,2016,16047,16012,15989,15833,15534,15351,15515,15742,15490,14894,stevilo
fantje_in_punce,9,2017,16225,16176,16140,16036,15731,15495,15706,15942,15672,15070,stevilo
fantje_in_punce,9,2018,15941,15909,15791,15701,15390,15190,15406,15623,15383,14804,stevilo
fantje_in_punce,9,2019,16028,15989,15955,15849,15503,15276,15462,15712,15397,14391,stevilo
fantje_in_punce,9,2020,4745,4728,4580,4112,3884,3505,3639,4019,3652,3696,stevilo
fantje_in_punce,9,2021,16706,16646,16550,16399,16190,15825,16093,16335,16097,15125,stevilo
fantje_in_punce,9,vsa_leta,201299,200704,199601,198096,194680,191616,194104,196931,193510,185616,stevilo
fantje_in_punce,vsi_razredi_skupaj,2009,152000,151801,150631,151076,150250,149405,150006,150836,149407,145334,stevilo
fantje_in_punce,vsi_razredi_skupaj,2010,150240,150175,149034,149669,148814,147907,148575,149300,148111,143490,stevilo
fantje_in_punce,vsi_razredi_skupaj,2011,149386,149464,148265,148564,147729,146657,147573,148346,147147,144130,stevilo
fantje_in_punce,vsi_razredi_skupaj,2012,150084,149940,149336,149227,148448,147558,148303,149013,147864,143834,stevilo
fantje_in_punce,vsi_razredi_skupaj,2013,150898,150755,150035,150028,149087,148251,148982,149775,148700,144628,stevilo
fantje_in_punce,vsi_razredi_skupaj,2014,154094,153958,153588,153080,152113,151230,152117,152811,151558,148374,stevilo
fantje_in_punce,vsi_razredi_skupaj,2015,157459,157322,156520,156254,155246,154300,155090,155965,154814,151268,stevilo
fantje_in_punce,vsi_razredi_skupaj,2016,161734,161641,161292,160611,159640,158646,159430,160369,159036,155196,stevilo
fantje_in_punce,vsi_razredi_skupaj,2017,166377,166234,165796,165166,164067,162973,163957,164899,163480,159371,stevilo
fantje_in_punce,vsi_razredi_skupaj,2018,170526,170413,169728,169347,168306,167176,168122,169139,167599,163054,stevilo
fantje_in_punce,vsi_razredi_skupaj,2019,170637,170527,169970,169399,168384,167120,168226,169118,167737,161628,stevilo
fantje_in_punce,vsi_razredi_skupaj,2020,66452,66411,65290,64249,64135,62412,63403,64478,62327,59550,stevilo
fantje_in_punce,vsi_razredi_skupaj,2021,168296,168220,167050,166622,165893,164058,165401,166569,164778,157960,stevilo
fantje_in_punce,vsi_razredi_skupaj,vsa_leta,1968183,1966861,1956535,1953292,1942112,1927693,1939185,1950618,1932558,1877817,stevilo
