spol,razred,leto,visina,teza,kozna_guba,dotikanje_plosce_z_roko,skos_z_mesta,premagovanje_ovir_nazaj,trebusnjaki,predklon_naprej,vesa_v_zgibi,tek_na_60m,vrsta
fantje,1,2009,1251.91,256.55,10.2,22.33,121.2,211.04,25.42,41.28,20.75,132.01,povprecje
fantje,1,2010,1251.11,257.56,10.33,22.64,121.11,209.19,26.09,41.52,20.9,132.5,povprecje
fantje,1,2011,1250.87,256.2,10.23,22.71,120.25,209.36,26.16,41.46,21,132.43,povprecje
fantje,1,2012,1251.04,256.26,10.31,22.7,120.58,210.83,26.31,41.27,20.8,131.32,povprecje
fantje,1,2013,1251.86,255.66,10.28,22.78,119.97,208.32,26.24,41.39,20.53,131.61,povprecje
fantje,1,2014,1251.8,254.97,10.04,23.04,120.7,206.51,26.51,41.46,21.55,131.45,povprecje
fantje,1,2015,1253.15,253.46,10.01,22.78,120.71,203.61,26.54,41.29,21.55,130.58,povprecje
fantje,1,2016,1252.96,254.31,10.18,22.97,120.71,206.1,26.29,41.45,20.68,130.8,povprecje
fantje,1,2017,1254.31,255.1,10.08,22.91,120.98,204.1,26.59,41.63,22.08,129.86,povprecje
fantje,1,2018,1253.39,255.15,10.11,22.99,120.88,204.36,26.68,41.37,22.48,129,povprecje
fantje,1,2019,1252.94,254.21,9.98,23.14,120.81,205.27,26.62,41.37,22.1,129.32,povprecje
fantje,1,2020,1270.87,270.15,11.21,22.96,121.44,219.12,26.45,41.14,19.37,129.82,povprecje
fantje,1,2021,1262.63,266.11,10.93,22.74,119.05,220.27,25.24,40.82,19.18,131.14,povprecje
fantje,1,vsa_leta,1253.66,256.53,10.24,22.83,120.61,208.28,26.25,41.36,21.13,130.89,povprecje
fantje,2,2009,1308.2,293.26,11.22,25.64,133.19,177.16,30.66,42.03,25.97,122.83,povprecje
fantje,2,2010,1308.21,293.74,11.2,25.75,132.54,177.37,31.11,41.88,26.06,123.09,povprecje
fantje,2,2011,1308.78,293.5,11.07,25.79,131.91,178.3,31.4,42.01,26.21,123.61,povprecje
fantje,2,2012,1307.63,291.66,11,25.94,132.53,178.14,31.61,41.87,26.42,122.4,povprecje
fantje,2,2013,1309.13,292.37,11.16,26.12,131.43,177.15,31.46,42.04,25.66,123.04,povprecje
fantje,2,2014,1308.97,292.36,11.1,26.32,132.19,176.63,31.76,42.05,26.73,122.82,povprecje
fantje,2,2015,1309.06,289.42,10.94,26.19,132.44,173.03,31.87,41.8,27.41,121.95,povprecje
fantje,2,2016,1310.47,290.88,11.02,26.26,132.2,174.14,31.8,41.79,26.95,121.95,povprecje
fantje,2,2017,1310.52,290.77,10.9,26.45,132.31,174.52,31.92,42.07,27.33,121.7,povprecje
fantje,2,2018,1312.16,291.98,11.11,26.28,132.73,174.62,31.84,41.74,27.24,121.21,povprecje
fantje,2,2019,1312.76,291.12,10.95,26.31,132.14,174.85,32.14,41.74,27.6,120.97,povprecje
fantje,2,2020,1316.19,300.66,11.79,25.72,130.56,194.06,30.42,41.02,23.37,123.74,povprecje
fantje,2,2021,1318.21,303.54,11.94,25.74,129.5,190.54,30.14,41.13,23.13,123.35,povprecje
fantje,2,vsa_leta,1310.64,293.04,11.15,26.08,132.05,177.58,31.47,41.82,26.35,122.39,povprecje
fantje,3,2009,1361.83,333.63,12.18,28.56,142.61,162.87,34.3,41.93,29.56,117.46,povprecje
fantje,3,2010,1362.92,335.02,12.23,28.77,142.4,160.54,34.77,42.01,29.66,117.21,povprecje
fantje,3,2011,1364.14,333.7,12.22,28.83,141.34,161.57,34.78,41.83,29.68,117.66,povprecje
fantje,3,2012,1363.7,332.58,12.08,28.84,142.1,162.4,35.13,41.8,30.41,116.91,povprecje
fantje,3,2013,1365.29,333.77,12.18,29.19,141.68,159.65,35.52,41.88,29.87,117.04,povprecje
fantje,3,2014,1364.33,332.77,12.24,29.3,140.97,162.24,35.35,41.93,30.94,117.13,povprecje
fantje,3,2015,1366.09,332.29,12.15,29.3,141.32,159.46,35.67,41.82,31.55,116.36,povprecje
fantje,3,2016,1365.03,330.93,12.18,29.41,141.57,159.72,35.69,41.74,31.47,116.02,povprecje
fantje,3,2017,1366.63,330.77,12.06,29.23,141.28,160.34,35.61,41.71,31.86,115.75,povprecje
fantje,3,2018,1366.57,331.32,12.08,29.32,141.66,161.35,35.64,41.82,31.01,116.24,povprecje
fantje,3,2019,1369.14,332.36,12.11,29.37,141.79,158.83,35.62,41.64,31.39,115.58,povprecje
fantje,3,2020,1373.24,343.34,13.05,28.74,140.07,173.37,34.03,41.42,27.52,118.44,povprecje
fantje,3,2021,1373.46,343.3,13.11,28.59,139.16,172.95,33.5,40.82,27.19,117.73,povprecje
fantje,3,vsa_leta,1366.16,333.83,12.26,29.06,141.42,162.2,35.11,41.72,30.33,116.76,povprecje
fantje,4,2009,1417.23,376.4,13.23,31.38,151.51,150.9,37.19,41.86,31.89,112.72,povprecje
fantje,4,2010,1417.26,376.98,13.28,31.53,151.23,150.44,37.68,42.06,32.36,112.88,povprecje
fantje,4,2011,1418.61,376.41,13.11,31.59,150.18,151.84,37.88,41.93,32.65,112.73,povprecje
fantje,4,2012,1418.66,375.13,13.23,31.65,150.83,151.79,38.07,41.52,33.03,112.34,povprecje
fantje,4,2013,1418.28,375.9,13.2,31.81,150.24,151.13,38.42,41.71,32.73,112.61,povprecje
fantje,4,2014,1418.7,374.1,13.06,31.93,150.07,149.6,38.64,41.85,34.16,112.41,povprecje
fantje,4,2015,1419.91,373.99,13.18,32.12,149.73,149,38.46,41.73,33.28,112.04,povprecje
fantje,4,2016,1420.81,374.71,13.21,32.18,149.72,149.25,38.83,41.66,33.35,111.94,povprecje
fantje,4,2017,1420.21,371.39,12.96,32.19,149.74,148.89,38.88,41.59,34.25,111.45,povprecje
fantje,4,2018,1421.67,373.24,13.25,32.02,150.06,150.68,38.6,41.5,33.89,112.38,povprecje
fantje,4,2019,1421.47,372.66,13.09,32.05,149.85,150.66,38.6,41.42,33.32,111.67,povprecje
fantje,4,2020,1429.02,388.36,14.27,31.37,147.13,163.04,36.61,40.95,28.55,114.61,povprecje
fantje,4,2021,1428.77,388.93,14.47,31.43,146.68,162.34,36.32,40.5,28.35,114.47,povprecje
fantje,4,vsa_leta,1420.58,376.24,13.31,31.82,149.85,151.81,38.09,41.57,32.63,112.53,povprecje
fantje,5,2009,1471.1,419.96,14,34.01,159.38,144.26,39.8,41.53,33.04,109.04,povprecje
fantje,5,2010,1470.83,423.01,14.12,34.16,159.01,143.11,40.01,41.57,32.88,109.34,povprecje
fantje,5,2011,1472.08,422.1,14,34.1,157.48,144.61,40.25,41.72,33.14,109.24,povprecje
fantje,5,2012,1472.08,419.43,13.97,34.18,158.2,143.37,40.81,41.5,34.48,108.76,povprecje
fantje,5,2013,1472.86,420.31,14.14,34.58,158.15,143.13,41.1,41.65,33.57,108.68,povprecje
fantje,5,2014,1473.35,419.69,13.9,34.54,157.62,143.53,41.19,41.58,34.81,108.66,povprecje
fantje,5,2015,1473.38,417.04,13.96,34.56,157.62,141.17,41.39,41.61,35.34,108.53,povprecje
fantje,5,2016,1474.14,419.07,14.05,34.77,156.79,143.03,40.99,41.53,34.35,108.78,povprecje
fantje,5,2017,1476.56,419.11,14.06,34.59,157.01,142.04,41.02,41.48,34.73,108.2,povprecje
fantje,5,2018,1475.46,417.17,13.99,34.71,157.79,143.27,41.4,41.48,35.21,108.4,povprecje
fantje,5,2019,1476.12,417.79,14.16,34.44,157.02,142.77,40.97,41.1,34.28,108.31,povprecje
fantje,5,2020,1483.05,432.44,15.17,34.15,154.77,154.7,38.85,40.89,29.33,111.71,povprecje
fantje,5,2021,1483.39,436.58,15.57,34.11,153.87,153.5,38.56,40.08,28.51,111.17,povprecje
fantje,5,vsa_leta,1474.8,421.49,14.22,34.39,157.33,144.46,40.55,41.36,33.5,109.03,povprecje
fantje,6,2009,1526.25,465.66,14.27,36.41,166.85,137.19,42.24,40.86,33.34,105.84,povprecje
fantje,6,2010,1529.78,471.51,14.57,36.55,166.29,137.53,42.18,40.93,32.55,106.12,povprecje
fantje,6,2011,1529.77,471.89,14.61,36.59,164.82,139.11,42.45,40.9,32.18,106.45,povprecje
fantje,6,2012,1530.27,471.41,14.52,36.56,164.82,139.49,42.85,40.94,32.83,106.02,povprecje
fantje,6,2013,1529.86,469.89,14.6,36.85,164.85,137.28,43.31,41.08,33.15,105.56,povprecje
fantje,6,2014,1533.19,469.26,14.42,36.96,164.84,137.46,43.53,40.93,34.29,105.68,povprecje
fantje,6,2015,1533.03,468.88,14.39,37.16,165.03,135.26,43.33,41.07,34.53,105.39,povprecje
fantje,6,2016,1533.64,469.51,14.49,37.02,164.39,136.46,43.38,41.02,33.87,105.37,povprecje
fantje,6,2017,1534.04,468.74,14.46,37.1,164,137.46,43.23,40.93,33.84,105.55,povprecje
fantje,6,2018,1538.72,473.94,14.51,37.18,165.7,136.71,43.3,40.86,33.68,105.14,povprecje
fantje,6,2019,1534.78,468.3,14.58,37.22,164.39,136.72,43.08,40.45,33.45,105.12,povprecje
fantje,6,2020,1540.11,483.78,15.6,36.41,163.08,146.71,41.48,40.43,30.21,107.75,povprecje
fantje,6,2021,1540.92,486.98,15.8,36.45,161.44,146.1,40.95,39.67,28.23,108.46,povprecje
fantje,6,vsa_leta,1533.33,472.04,14.66,36.82,164.68,138.49,42.75,40.77,32.83,105.98,povprecje
fantje,7,2009,1593.79,523.61,14.05,38.94,177.44,130.39,44.85,41.33,36.17,101.81,povprecje
fantje,7,2010,1594.68,526.13,14.04,38.95,176.7,129.12,45.21,41.17,35.41,102.17,povprecje
fantje,7,2011,1599.58,531.45,14.16,39.13,174.99,131.61,45.37,41.12,34.85,102.46,povprecje
fantje,7,2012,1598.09,529.78,14.25,39.1,174.85,131.25,45.76,40.92,35.32,102,povprecje
fantje,7,2013,1599.93,530.9,14.23,39.36,175.34,130.02,46.17,41.28,36.13,101.89,povprecje
fantje,7,2014,1599.58,527.17,14.07,39.47,175.38,129.29,46.37,41.28,37.18,101.53,povprecje
fantje,7,2015,1604.17,528.44,13.93,39.73,175.54,127.75,46.37,41.15,37.88,101.19,povprecje
fantje,7,2016,1603.24,528.95,14.07,39.49,175.27,128.02,46.23,41.2,37.11,101.21,povprecje
fantje,7,2017,1603.93,526.88,14.01,39.45,175,127.78,46.14,41.17,37.52,101.25,povprecje
fantje,7,2018,1604.63,530.03,14.33,39.48,175.5,129.53,45.95,41.18,36.93,102.18,povprecje
fantje,7,2019,1605.79,531.99,14.36,39.48,175.1,128.98,45.76,40.9,35.39,101.2,povprecje
fantje,7,2020,1608.41,539.27,14.64,39.06,174.39,135.34,44.38,40.69,33.94,103.34,povprecje
fantje,7,2021,1612.68,548.99,15.35,38.88,172.64,135.55,43.89,39.89,31.42,103.65,povprecje
fantje,7,vsa_leta,1602.08,530.94,14.27,39.27,175.25,130.21,45.6,41.02,35.81,101.95,povprecje
fantje,8,2009,1665.84,586.01,13.14,41.63,190.65,119.58,48.14,42.16,40.98,96.96,povprecje
fantje,8,2010,1668.94,592.61,13.13,41.55,189.95,119.63,48.1,42.15,40.77,96.78,povprecje
fantje,8,2011,1670.27,592.6,13,41.68,188.7,120.21,48.36,41.86,40.93,97.03,povprecje
fantje,8,2012,1673.25,595,12.98,41.74,188.47,121.03,48.99,41.87,41.2,96.83,povprecje
fantje,8,2013,1673.4,595.16,13.2,41.96,188.81,119.99,49.05,42.04,41.63,96.65,povprecje
fantje,8,2014,1675.07,593.34,12.96,42,188.79,119.87,49.18,42.19,43.33,96.38,povprecje
fantje,8,2015,1675.7,591.76,12.83,42.18,188.55,118.44,49.17,42.32,43.44,95.83,povprecje
fantje,8,2016,1678.17,594.02,12.9,42.12,188.59,118.73,48.8,42.06,42.98,95.89,povprecje
fantje,8,2017,1678.05,592.87,13.03,42.08,188.82,117.78,49.15,42.19,43.49,95.91,povprecje
fantje,8,2018,1678.83,592.59,12.95,41.98,189.71,118.3,49.08,42.26,43.25,96,povprecje
fantje,8,2019,1678.42,595.61,13.19,41.91,188.41,119.97,48.45,41.93,41.41,96.33,povprecje
fantje,8,2020,1682.73,605.91,13.73,41.54,186.98,122.98,47.48,41.71,39.42,98.19,povprecje
fantje,8,2021,1684.08,610.3,13.98,41.6,186.22,123.43,46.93,41.07,38.22,97.93,povprecje
fantje,8,vsa_leta,1675.29,594.8,13.13,41.85,188.74,119.88,48.56,41.99,41.69,96.6,povprecje
fantje,9,2009,1725.57,645.74,12.01,43.92,203.69,109.45,50.59,43.71,46.26,92.35,povprecje
fantje,9,2010,1728.25,648.15,12.18,44.1,202.86,110.46,50.81,43.32,46.79,92.31,povprecje
fantje,9,2011,1731.52,650.85,12.16,44.13,201.99,110.46,50.87,43.42,46.97,91.96,povprecje
fantje,9,2012,1730.04,648.21,12.03,44.09,201.68,110.55,51.15,43.24,47.75,91.93,povprecje
fantje,9,2013,1734.29,652.06,12,44.42,202.25,110.57,51.73,43.4,48.44,91.77,povprecje
fantje,9,2014,1733.16,648.44,11.82,44.5,201.87,109.04,51.75,43.56,49.76,91.58,povprecje
fantje,9,2015,1735.62,649.96,11.85,44.43,201.86,109.18,51.45,43.84,49.68,91.19,povprecje
fantje,9,2016,1735.06,648.7,11.81,44.5,201.57,108.85,51.17,43.79,50.16,91.05,povprecje
fantje,9,2017,1738.36,650.15,12.03,44.49,202.18,108.38,51.4,43.84,49.92,90.92,povprecje
fantje,9,2018,1734.57,647.81,12.02,44.16,202.7,109.62,51.2,43.96,49.62,91.61,povprecje
fantje,9,2019,1738.86,650.94,11.92,44.36,202.33,108.68,51.17,43.59,48.88,91.36,povprecje
fantje,9,2020,1733.01,645.64,12.11,43.56,198.73,114.81,48.88,42.88,46.14,94.41,povprecje
fantje,9,2021,1743.3,668.73,13.06,43.86,199.36,114.23,49.14,42.72,43.97,92.9,povprecje
fantje,9,vsa_leta,1733.97,650.71,12.08,44.23,201.96,110.06,50.98,43.52,48.11,91.81,povprecje
fantje,vsi_razredi_skupaj,2009,1482.59,435.32,12.71,33.74,160.97,149.03,39.31,41.86,33.16,110.06,povprecje
fantje,vsi_razredi_skupaj,2010,1483.27,437.52,12.8,33.85,160.43,148.41,39.6,41.85,33.09,110.2,povprecje
fantje,vsi_razredi_skupaj,2011,1483.72,437.04,12.74,33.86,159.04,149.71,39.71,41.8,33.05,110.44,povprecje
fantje,vsi_razredi_skupaj,2012,1481.97,434.78,12.71,33.82,159.07,150.25,40,41.65,33.48,109.99,povprecje
fantje,vsi_razredi_skupaj,2013,1480.67,433.57,12.76,33.96,158.52,149.47,40.11,41.82,33.29,110.24,povprecje
fantje,vsi_razredi_skupaj,2014,1478,429.59,12.58,33.93,157.98,149.73,40.1,41.86,34.36,110.33,povprecje
fantje,vsi_razredi_skupaj,2015,1476.48,426.59,12.5,33.83,157.59,148.33,39.94,41.83,34.46,110.05,povprecje
fantje,vsi_razredi_skupaj,2016,1473.26,424.19,12.57,33.71,156.81,149.71,39.66,41.78,33.88,110.29,povprecje
fantje,vsi_razredi_skupaj,2017,1472.59,422.18,12.53,33.63,156.61,149.55,39.68,41.82,34.3,110.09,povprecje
fantje,vsi_razredi_skupaj,2018,1473.35,423.12,12.65,33.63,157.25,150.07,39.71,41.75,34.13,110.16,povprecje
fantje,vsi_razredi_skupaj,2019,1475.44,424.49,12.68,33.73,156.97,149.53,39.68,41.53,33.62,109.85,povprecje
fantje,vsi_razredi_skupaj,2020,1494.69,446.58,13.73,33.74,156.69,158.42,38.63,41.13,30.35,111.4,povprecje
fantje,vsi_razredi_skupaj,2021,1491.84,448.16,13.86,33.62,155.86,158.22,38.17,40.7,29.58,111.47,povprecje
fantje,vsi_razredi_skupaj,vsa_leta,1479.86,431.76,12.79,33.77,157.99,150.48,39.6,41.66,33.26,110.3,povprecje
punce,1,2009,1240.69,250.14,11.53,22.26,113.17,236.64,24.63,43.19,19.84,135.75,povprecje
punce,1,2010,1241.63,251.11,11.65,22.63,113.62,234.97,25.21,43.6,20.36,135.84,povprecje
punce,1,2011,1241.38,250.53,11.53,22.75,113.36,232.41,25.58,43.6,20.12,136.28,povprecje
punce,1,2012,1240.82,250.94,11.75,22.72,112.93,234.33,25.85,43.36,19.58,134.7,povprecje
punce,1,2013,1241.65,248.87,11.52,22.8,112.65,230.29,25.48,43.68,19.59,135.51,povprecje
punce,1,2014,1242.57,249.51,11.52,23.11,113.21,226.25,25.99,43.79,20.83,135.22,povprecje
punce,1,2015,1243.11,248.68,11.45,22.78,113.39,225.01,25.89,43.69,20.29,134.33,povprecje
punce,1,2016,1243.95,248.56,11.49,22.99,113.16,225.1,25.65,43.81,19.71,134.36,povprecje
punce,1,2017,1242.63,248.22,11.39,22.97,113.68,222.27,26.04,44.09,21.58,133.7,povprecje
punce,1,2018,1240.68,247.98,11.42,22.99,113.19,222.12,26.09,44.25,21.5,133.35,povprecje
punce,1,2019,1242.14,248.08,11.4,23,112.7,224.81,25.95,44.27,20.96,133.44,povprecje
punce,1,2020,1259.45,264.28,12.59,22.85,114.04,242.34,26.09,43.67,18.1,133.29,povprecje
punce,1,2021,1250.21,257.6,12.18,22.66,111.62,239.36,24.67,43.46,18.01,134.42,povprecje
punce,1,vsa_leta,1243.06,250.25,11.59,22.82,113.08,229.32,25.62,43.76,20.19,134.64,povprecje
punce,2,2009,1298.26,285.54,12.56,25.72,124.29,196.66,29.76,44.34,23.65,126.51,povprecje
punce,2,2010,1297.74,285.89,12.51,25.89,124.19,194.82,30,44.5,23.51,126.49,povprecje
punce,2,2011,1298.31,285.14,12.5,26.08,124.04,196.4,30.31,44.63,24.02,126.92,povprecje
punce,2,2012,1298.27,285.52,12.45,26.19,125,193.7,30.78,44.66,23.65,126.01,povprecje
punce,2,2013,1299.08,285.53,12.6,26.15,123.15,194.21,30.22,44.63,23.19,126.58,povprecje
punce,2,2014,1298.45,284.83,12.44,26.49,124.02,192.28,30.76,44.86,24.1,126.09,povprecje
punce,2,2015,1299.48,283.48,12.44,26.39,124.1,188.05,30.92,44.75,24.82,125.73,povprecje
punce,2,2016,1299.91,284.93,12.52,26.58,123.7,189.39,30.76,44.89,23.66,125.8,povprecje
punce,2,2017,1300.88,284.09,12.4,26.66,124.31,187.06,30.97,45.1,25.31,125.05,povprecje
punce,2,2018,1300.39,283.79,12.47,26.43,124.12,187.62,30.72,45.27,24.88,124.87,povprecje
punce,2,2019,1299.55,283.47,12.42,26.47,123.63,186.91,30.91,45.49,24.58,124.91,povprecje
punce,2,2020,1305.91,292.73,13.27,25.67,122.23,212.32,29.05,44.5,20.82,127.64,povprecje
punce,2,2021,1305.54,293.46,13.26,25.73,121.15,207.82,28.88,44.4,20.76,127.22,povprecje
punce,2,vsa_leta,1299.93,285.64,12.57,26.24,123.75,193.22,30.4,44.81,23.79,126.01,povprecje
punce,3,2009,1353.25,325.42,13.68,28.91,134.13,177.35,33.38,44.69,26.25,120.64,povprecje
punce,3,2010,1353.73,326.84,13.65,29.01,133.55,175.88,33.55,44.98,25.69,120.81,povprecje
punce,3,2011,1354.05,324.6,13.6,29.11,132.81,175.68,33.56,44.94,25.56,121.19,povprecje
punce,3,2012,1354.32,323.72,13.52,29.34,133.73,176.23,33.96,45.15,26.73,120.33,povprecje
punce,3,2013,1355.26,325.62,13.62,29.48,133.76,171.61,34.35,45.32,26.12,120.42,povprecje
punce,3,2014,1355.45,325.05,13.64,29.53,132.43,174.13,34.12,45.11,26.65,120.32,povprecje
punce,3,2015,1355.3,322.63,13.47,29.64,133.16,171.5,34.28,45.21,27.25,119.63,povprecje
punce,3,2016,1355.62,324.04,13.66,29.86,132.52,171.31,34.28,45.3,26.89,119.78,povprecje
punce,3,2017,1356.84,324.13,13.54,29.62,132.73,170.46,34.24,45.46,27.73,119.35,povprecje
punce,3,2018,1356.71,322.99,13.46,29.53,132.91,170.27,34.28,45.87,27.59,119.23,povprecje
punce,3,2019,1357.09,322.4,13.51,29.58,132.72,169.24,33.99,45.86,27.76,119.19,povprecje
punce,3,2020,1361.89,332.47,14.25,28.72,131.26,185.78,32.43,45.37,23.56,121.68,povprecje
punce,3,2021,1363.42,332.9,14.31,28.56,130.03,186.41,31.92,44.85,23.23,121.2,povprecje
punce,3,vsa_leta,1356.23,325.23,13.66,29.34,132.79,174.39,33.79,45.26,26.41,120.17,povprecje
punce,4,2009,1412.26,366.98,14.33,31.73,142.67,163.59,35.88,44.98,27.55,116.14,povprecje
punce,4,2010,1411.92,369.21,14.55,31.84,142.45,162.07,36.4,45.41,27.41,116.03,povprecje
punce,4,2011,1413.15,368.12,14.31,32,141.52,164.08,36.43,45.53,27.61,116.05,povprecje
punce,4,2012,1412.37,366.34,14.31,32.05,142.71,162.94,36.66,45.38,28.31,115.4,povprecje
punce,4,2013,1412.17,365.35,14.31,32.25,142.62,160.09,36.88,45.74,28.65,115.64,povprecje
punce,4,2014,1413.13,366.37,14.23,32.5,142.69,158.64,37.22,45.87,29.37,115.3,povprecje
punce,4,2015,1413.51,365.19,14.34,32.57,141.66,158.46,36.92,45.7,28.65,115.09,povprecje
punce,4,2016,1413.85,365.36,14.38,32.73,141.52,157.53,36.95,45.87,28.65,115.14,povprecje
punce,4,2017,1414.61,364.55,14.18,32.69,141.37,156.3,37.13,46.06,30,114.86,povprecje
punce,4,2018,1416.04,366.57,14.39,32.44,141.12,157.67,36.89,46.22,28.75,115.06,povprecje
punce,4,2019,1415.44,363.78,14.32,32.33,141.62,156.66,36.86,46.32,29.42,114.89,povprecje
punce,4,2020,1423.12,376.52,14.99,31.75,139.58,171.44,35.17,45.61,25.57,117.25,povprecje
punce,4,2021,1422.64,377.82,15.09,31.6,138.43,170.34,34.47,45.36,24.9,117.19,povprecje
punce,4,vsa_leta,1414.71,367.48,14.42,32.22,141.57,160.97,36.51,45.72,28.2,115.6,povprecje
punce,5,2009,1475.26,414.26,14.57,34.47,151.71,153.01,38.63,45.45,28.95,111.64,povprecje
punce,5,2010,1474.63,416.19,14.85,34.55,150.72,152.14,38.67,45.76,28.91,112.22,povprecje
punce,5,2011,1475.45,417.95,14.78,34.74,150.07,152.28,38.89,45.99,29.3,111.87,povprecje
punce,5,2012,1476.28,415.74,14.74,34.66,150.35,152.52,39.18,46.07,29.78,111.7,povprecje
punce,5,2013,1475.88,413.9,14.67,35.05,150.42,150.38,39.42,46.21,29.95,111.59,povprecje
punce,5,2014,1476.1,413.04,14.62,35.33,150.65,149.74,39.59,46.46,30.79,111.25,povprecje
punce,5,2015,1476.7,412.43,14.62,35.42,151,146.11,39.91,46.54,31.09,110.93,povprecje
punce,5,2016,1477.18,414.67,14.77,35.51,149.79,148.18,39.38,46.4,29.91,111.04,povprecje
punce,5,2017,1478.99,414,14.75,35.29,149.93,146.23,39.51,46.64,31.21,110.48,povprecje
punce,5,2018,1478.22,412.39,14.6,35.2,149.8,146.91,39.5,47.12,31.56,110.61,povprecje
punce,5,2019,1479.98,414.82,14.84,34.96,149.27,146.67,39.35,46.9,30.62,110.86,povprecje
punce,5,2020,1486.69,425.03,15.22,34.61,148.07,156.8,37.02,46.61,27.09,113.47,povprecje
punce,5,2021,1487.73,427.74,15.45,34.42,147.29,157.54,37.1,45.91,27.2,112.81,povprecje
punce,5,vsa_leta,1478.25,416.08,14.8,34.95,149.95,150.36,39,46.32,29.83,111.48,povprecje
punce,6,2009,1541.94,471.03,14.62,36.95,159.42,145.26,40.79,46.33,29.14,108.05,povprecje
punce,6,2010,1540.68,470.86,14.6,37.17,159.68,142.64,41.16,46.8,30.6,107.84,povprecje
punce,6,2011,1540.82,471.33,14.67,37.16,158.11,144.4,40.92,46.82,29.68,108.38,povprecje
punce,6,2012,1541.46,471.21,14.58,37.4,158.71,144.24,41.11,46.92,30.69,107.98,povprecje
punce,6,2013,1542.41,469.86,14.67,37.44,157.99,142.25,41.36,47.22,30.77,107.55,povprecje
punce,6,2014,1541.17,466.59,14.53,37.81,158.36,141.66,41.43,47.38,32.1,107.49,povprecje
punce,6,2015,1542.41,466.83,14.5,38.16,158.85,138.27,41.93,47.67,31.99,107.21,povprecje
punce,6,2016,1542.74,467.92,14.53,38.23,158.93,137.98,41.74,47.9,31.49,106.81,povprecje
punce,6,2017,1543.61,470.39,14.57,38.14,157.87,137.59,41.63,47.81,31.48,106.92,povprecje
punce,6,2018,1546.89,470.94,14.47,38.16,159.25,136.33,41.67,48.26,32.65,106.67,povprecje
punce,6,2019,1542.94,466.35,14.38,37.84,158.25,136.59,41.31,48.2,32.23,106.67,povprecje
punce,6,2020,1548.82,480.35,15.31,37.18,155.31,146.29,39.79,47.87,27.62,109.34,povprecje
punce,6,2021,1550.93,481.84,15.32,37.03,155.46,145.53,39.32,47.47,27.57,108.95,povprecje
punce,6,vsa_leta,1543.54,470.97,14.65,37.61,158.24,141.24,41.12,47.43,30.72,107.62,povprecje
punce,7,2009,1591.02,515.04,14.58,39.4,165.85,137.56,42.83,47.78,31.55,104.96,povprecje
punce,7,2010,1595.41,524.5,14.97,39.36,164.88,137.72,43.17,47.9,31.19,105.17,povprecje
punce,7,2011,1596.02,523.15,14.99,39.65,164.9,137.18,43.3,48.33,31.68,105.15,povprecje
punce,7,2012,1594.67,521.76,14.93,39.64,164.79,137.47,43.27,48.25,32.25,105.09,povprecje
punce,7,2013,1595.87,521.59,14.93,40.02,164.75,135.35,43.91,48.58,33.03,104.66,povprecje
punce,7,2014,1596.69,519.15,14.73,40.23,164.81,134.68,43.72,48.82,33.16,104.47,povprecje
punce,7,2015,1596.95,518.48,14.67,40.45,165.59,132.7,43.79,49.05,34.9,104.01,povprecje
punce,7,2016,1596.95,519.84,14.83,40.63,165.68,131.44,44.05,49.25,33.89,103.71,povprecje
punce,7,2017,1598.34,520.48,14.73,40.45,166.08,130.29,43.76,49.55,34.54,103.62,povprecje
punce,7,2018,1599.09,524.01,14.95,40.41,165.7,130.74,43.54,49.65,33.6,103.9,povprecje
punce,7,2019,1598.71,520.68,14.72,40.25,165.73,129.33,43.57,49.68,35.27,103.53,povprecje
punce,7,2020,1599.69,527.74,15.14,39.34,162.52,137.71,41.55,49.49,30.52,105.74,povprecje
punce,7,2021,1602.44,534.63,15.68,39.36,161.66,137.97,41.46,49.22,29.56,105.74,povprecje
punce,7,vsa_leta,1597.05,522.35,14.91,39.95,164.9,134.52,43.27,48.87,32.76,104.56,povprecje
punce,8,2009,1628.63,554.69,15.2,41.46,170.54,131.78,45.04,49,32.71,103.33,povprecje
punce,8,2010,1627.35,557.46,15.18,41.48,169.36,131.03,44.7,49.34,32.95,103.18,povprecje
punce,8,2011,1631.9,564.25,15.6,41.63,168.05,132.63,44.89,49.31,32.13,103.39,povprecje
punce,8,2012,1631.4,561.93,15.44,41.75,168.85,131.33,45.29,49.53,33.5,103.25,povprecje
punce,8,2013,1631.03,560.56,15.38,41.89,168.15,131.15,45.14,49.73,34.06,103.2,povprecje
punce,8,2014,1631.34,558.99,15.35,42.27,168.96,129.7,45.81,50.15,34.97,102.63,povprecje
punce,8,2015,1633.09,560.72,15.32,42.44,168.66,127.32,45.7,50.42,35.33,102.36,povprecje
punce,8,2016,1631.95,560.22,15.32,42.51,169.99,126.75,45.43,50.69,36.07,101.88,povprecje
punce,8,2017,1633.95,561.99,15.38,42.57,170.21,125.47,45.46,50.82,35.45,101.83,povprecje
punce,8,2018,1633.57,561.61,15.27,42.35,171.14,124.43,45.35,51.31,35.8,101.44,povprecje
punce,8,2019,1634.04,564.36,15.43,42.31,169.8,124.17,45.01,51.09,35.17,101.82,povprecje
punce,8,2020,1633.95,565.22,15.53,41.37,167.18,130.53,43.59,50.79,32.43,103.89,povprecje
punce,8,2021,1633.91,566.47,15.91,41.3,166.53,130.19,43.29,50.93,32,103.8,povprecje
punce,8,vsa_leta,1631.93,561.27,15.4,41.97,169.1,128.91,45.03,50.22,34.1,102.73,povprecje
punce,9,2009,1647.54,579.28,15.68,43.07,171.94,127,46.63,50.06,32.95,102.98,povprecje
punce,9,2010,1647.76,582.6,15.81,43.11,171.55,126.99,46.45,50.18,33.48,103.01,povprecje
punce,9,2011,1647.9,583.42,15.81,43.24,170.1,128.06,46.12,50.32,33.36,102.93,povprecje
punce,9,2012,1650.44,588.05,16.09,43.33,169.97,128.34,46.4,50.17,33.62,102.76,povprecje
punce,9,2013,1650.37,586.34,15.88,43.63,170.75,126.37,46.78,50.85,35.03,102.47,povprecje
punce,9,2014,1649.3,583.37,15.77,43.83,170.63,126.35,46.74,51.04,35.82,102.26,povprecje
punce,9,2015,1650.98,586.11,15.94,44.06,171.75,123.08,47.31,51.42,36.13,101.49,povprecje
punce,9,2016,1651.61,586.89,15.89,44.04,171.73,122.7,46.63,51.63,35.8,101.44,povprecje
punce,9,2017,1652.72,587.81,15.82,44.01,172.23,122.19,46.49,51.81,36.46,101.33,povprecje
punce,9,2018,1650.23,587.86,15.9,43.84,172.8,120.97,46.46,52.1,36.09,101.36,povprecje
punce,9,2019,1652.13,587.94,15.66,43.9,172.95,119.44,46.36,52.48,36.79,101,povprecje
punce,9,2020,1647.3,587.69,15.73,42.88,169.65,127.44,44.2,51.57,33.3,103.48,povprecje
punce,9,2021,1652.88,592.37,16.24,42.99,169.32,125.69,44.7,52.08,33.39,103.02,povprecje
punce,9,vsa_leta,1650.23,586,15.87,43.57,171.28,124.85,46.38,51.18,34.85,102.21,povprecje
punce,vsi_razredi_skupaj,2009,1468.1,420.15,14.1,33.88,148.43,162.96,37.59,46.24,28.1,114.42,povprecje
punce,vsi_razredi_skupaj,2010,1466.94,421.35,14.21,33.94,147.83,161.99,37.72,46.5,28.24,114.53,povprecje
punce,vsi_razredi_skupaj,2011,1466.45,420.68,14.2,34.01,146.82,162.92,37.72,46.59,28.12,114.82,povprecje
punce,vsi_razredi_skupaj,2012,1466.17,419.87,14.19,34.08,147.23,162.76,37.99,46.58,28.63,114.31,povprecje
punce,vsi_razredi_skupaj,2013,1464.42,417.49,14.15,34.14,146.58,161.22,37.97,46.83,28.78,114.54,povprecje
punce,vsi_razredi_skupaj,2014,1461.59,414.07,14.04,34.28,146.34,160.95,38.05,46.96,29.51,114.5,povprecje
punce,vsi_razredi_skupaj,2015,1458.99,411.15,13.99,34.19,146.07,159.33,38.01,47.01,29.67,114.34,povprecje
punce,vsi_razredi_skupaj,2016,1455.96,409.1,14.04,34.16,145.5,159.76,37.67,47.09,29.06,114.43,povprecje
punce,vsi_razredi_skupaj,2017,1455.83,408.38,13.97,34.05,145.52,158.45,37.7,47.24,29.94,114.14,povprecje
punce,vsi_razredi_skupaj,2018,1456.97,409.41,14,33.99,145.83,158.03,37.68,47.54,29.83,113.95,povprecje
punce,vsi_razredi_skupaj,2019,1459.11,410.29,14,34.02,145.8,157.22,37.65,47.59,29.92,113.84,povprecje
punce,vsi_razredi_skupaj,2020,1479.1,430.4,14.73,33.94,145.65,167.17,36.56,47.21,26.5,114.75,povprecje
punce,vsi_razredi_skupaj,2021,1473.65,428.21,14.83,33.67,144.3,167.37,36.1,46.99,26.19,115.13,povprecje
punce,vsi_razredi_skupaj,vsa_leta,1463.28,416.2,14.16,34.03,146.29,161.23,37.61,46.96,28.77,114.42,povprecje
fantje_in_punce,1,2009,1246.5,253.46,10.84,22.29,117.33,223.37,25.04,42.2,20.31,133.81,povprecje
fantje_in_punce,1,2010,1246.51,254.43,10.97,22.63,117.48,221.69,25.66,42.53,20.64,134.11,povprecje
fantje_in_punce,1,2011,1246.2,253.41,10.87,22.73,116.86,220.71,25.88,42.52,20.56,134.32,povprecje
fantje_in_punce,1,2012,1246.12,253.7,11,22.71,116.89,222.16,26.09,42.28,20.21,132.94,povprecje
fantje_in_punce,1,2013,1246.9,252.36,10.89,22.79,116.42,218.98,25.87,42.5,20.07,133.5,povprecje
fantje_in_punce,1,2014,1247.3,252.31,10.76,23.07,117.05,216.12,26.26,42.6,21.2,133.28,povprecje
fantje_in_punce,1,2015,1248.22,251.11,10.71,22.78,117.11,214.13,26.22,42.47,20.93,132.42,povprecje
fantje_in_punce,1,2016,1248.6,251.53,10.81,22.98,117.06,215.26,25.98,42.59,20.22,132.52,povprecje
fantje_in_punce,1,2017,1248.62,251.75,10.72,22.93,117.42,212.95,26.32,42.83,21.83,131.73,povprecje
fantje_in_punce,1,2018,1247.2,251.65,10.75,22.99,117.13,213.03,26.39,42.78,22,131.11,povprecje
fantje_in_punce,1,2019,1247.69,251.23,10.67,23.07,116.86,214.77,26.29,42.78,21.54,131.32,povprecje
fantje_in_punce,1,2020,1265.4,267.33,11.88,22.91,117.89,230.28,26.28,42.35,18.76,131.49,povprecje
fantje_in_punce,1,2021,1256.58,261.96,11.54,22.7,115.43,229.6,24.96,42.11,18.61,132.74,povprecje
fantje_in_punce,1,vsa_leta,1248.5,253.48,10.89,22.82,116.95,218.51,25.95,42.52,20.67,132.71,povprecje
fantje_in_punce,2,2009,1303.37,289.52,11.87,25.68,128.87,186.62,30.22,43.15,24.84,124.61,povprecje
fantje_in_punce,2,2010,1303.13,289.94,11.84,25.82,128.49,185.83,30.57,43.15,24.82,124.74,povprecje
fantje_in_punce,2,2011,1303.67,289.43,11.77,25.93,128.07,187.13,30.87,43.29,25.14,125.22,povprecje
fantje_in_punce,2,2012,1303.04,288.65,11.71,26.07,128.84,185.76,31.2,43.24,25.06,124.16,povprecje
fantje_in_punce,2,2013,1304.28,289.06,11.86,26.14,127.43,185.38,30.86,43.29,24.47,124.74,povprecje
fantje_in_punce,2,2014,1303.86,288.7,11.76,26.41,128.22,184.24,31.27,43.42,25.46,124.41,povprecje
fantje_in_punce,2,2015,1304.43,286.55,11.67,26.29,128.41,180.28,31.41,43.23,26.16,123.77,povprecje
fantje_in_punce,2,2016,1305.28,287.96,11.76,26.42,128.03,181.63,31.29,43.31,25.33,123.84,povprecje
fantje_in_punce,2,2017,1305.82,287.51,11.63,26.55,128.41,180.63,31.46,43.55,26.35,123.33,povprecje
fantje_in_punce,2,2018,1306.42,287.99,11.77,26.35,128.53,180.96,31.29,43.46,26.09,122.99,povprecje
fantje_in_punce,2,2019,1306.37,287.42,11.66,26.39,128.03,180.68,31.55,43.56,26.14,122.87,povprecje
fantje_in_punce,2,2020,1311.1,296.73,12.53,25.69,126.44,203.07,29.74,42.75,22.11,125.66,povprecje
fantje_in_punce,2,2021,1312.03,298.62,12.58,25.74,125.42,198.98,29.52,42.73,21.97,125.24,povprecje
fantje_in_punce,2,vsa_leta,1305.42,289.44,11.84,26.15,128.01,185.19,30.95,43.27,25.11,124.15,povprecje
fantje_in_punce,3,2009,1357.68,329.66,12.91,28.73,138.51,169.87,33.86,43.26,27.96,118.99,povprecje
fantje_in_punce,3,2010,1358.45,331.05,12.92,28.89,138.1,167.99,34.18,43.45,27.73,118.96,povprecje
fantje_in_punce,3,2011,1359.26,329.3,12.88,28.97,137.22,168.39,34.19,43.33,27.69,119.36,povprecje
fantje_in_punce,3,2012,1359.13,328.27,12.78,29.09,138.03,169.13,34.56,43.43,28.62,118.57,povprecje
fantje_in_punce,3,2013,1360.37,329.77,12.89,29.33,137.8,165.51,34.95,43.57,28.03,118.7,povprecje
fantje_in_punce,3,2014,1360.04,329.04,12.92,29.41,136.85,167.98,34.75,43.46,28.87,118.67,povprecje
fantje_in_punce,3,2015,1360.81,327.57,12.79,29.47,137.34,165.35,34.99,43.48,29.45,117.95,povprecje
fantje_in_punce,3,2016,1360.45,327.58,12.9,29.63,137.16,165.37,35,43.47,29.24,117.85,povprecje
fantje_in_punce,3,2017,1361.78,327.48,12.79,29.42,137.05,165.35,34.93,43.57,29.81,117.52,povprecje
fantje_in_punce,3,2018,1361.79,327.28,12.75,29.42,137.42,165.68,34.98,43.79,29.35,117.69,povprecje
fantje_in_punce,3,2019,1363.27,327.5,12.79,29.47,137.37,163.9,34.83,43.69,29.63,117.33,povprecje
fantje_in_punce,3,2020,1367.78,338.12,13.62,28.73,135.83,179.34,33.26,43.32,25.61,120.01,povprecje
fantje_in_punce,3,2021,1368.59,338.25,13.7,28.57,134.72,179.48,32.73,42.78,25.27,119.4,povprecje
fantje_in_punce,3,vsa_leta,1361.33,329.64,12.94,29.2,137.22,168.14,34.47,43.44,28.42,118.42,povprecje
fantje_in_punce,4,2009,1414.82,371.84,13.76,31.55,147.24,157.04,36.56,43.37,29.79,114.37,povprecje
fantje_in_punce,4,2010,1414.67,373.21,13.89,31.68,146.97,156.08,37.06,43.69,29.96,114.4,povprecje
fantje_in_punce,4,2011,1415.95,372.38,13.7,31.79,145.97,157.79,37.18,43.68,30.2,114.34,povprecje
fantje_in_punce,4,2012,1415.61,370.88,13.75,31.85,146.91,157.17,37.39,43.39,30.75,113.82,povprecje
fantje_in_punce,4,2013,1415.3,370.75,13.74,32.03,146.52,155.51,37.67,43.68,30.74,114.09,povprecje
fantje_in_punce,4,2014,1415.97,370.3,13.63,32.21,146.45,154.02,37.95,43.82,31.82,113.82,povprecje
fantje_in_punce,4,2015,1416.82,369.73,13.74,32.34,145.83,153.56,37.72,43.65,31.05,113.51,povprecje
fantje_in_punce,4,2016,1417.41,370.14,13.78,32.45,145.71,153.3,37.91,43.72,31.06,113.5,povprecje
fantje_in_punce,4,2017,1417.47,368.04,13.56,32.44,145.65,152.51,38.02,43.78,32.17,113.11,povprecje
fantje_in_punce,4,2018,1418.88,369.94,13.81,32.23,145.64,154.13,37.76,43.84,31.35,113.69,povprecje
fantje_in_punce,4,2019,1418.55,368.35,13.68,32.18,145.86,153.56,37.75,43.79,31.43,113.23,povprecje
fantje_in_punce,4,2020,1426.12,382.53,14.62,31.56,143.41,167.16,35.9,43.24,27.09,115.89,povprecje
fantje_in_punce,4,2021,1425.79,383.53,14.77,31.51,142.67,166.23,35.42,42.86,26.67,115.79,povprecje
fantje_in_punce,4,vsa_leta,1417.72,371.97,13.85,32.01,145.82,156.27,37.32,43.6,30.47,114.02,povprecje
fantje_in_punce,5,2009,1473.11,417.21,14.27,34.23,155.69,148.47,39.24,43.42,31.07,110.29,povprecje
fantje_in_punce,5,2010,1472.68,419.69,14.48,34.35,154.99,147.49,39.36,43.61,30.95,110.73,povprecje
fantje_in_punce,5,2011,1473.71,420.09,14.38,34.41,153.91,148.31,39.6,43.78,31.28,110.5,povprecje
fantje_in_punce,5,2012,1474.13,417.63,14.35,34.41,154.38,147.81,40.02,43.73,32.19,110.18,povprecje
fantje_in_punce,5,2013,1474.32,417.2,14.4,34.81,154.4,146.64,40.29,43.86,31.81,110.09,povprecje
fantje_in_punce,5,2014,1474.69,416.45,14.25,34.92,154.23,146.55,40.41,43.96,32.85,109.92,povprecje
fantje_in_punce,5,2015,1475,414.78,14.28,34.98,154.38,143.59,40.66,44.02,33.26,109.7,povprecje
fantje_in_punce,5,2016,1475.61,416.95,14.4,35.13,153.43,145.51,40.22,43.87,32.21,109.86,povprecje
fantje_in_punce,5,2017,1477.75,416.6,14.4,34.94,153.55,144.08,40.28,44,33.01,109.31,povprecje
fantje_in_punce,5,2018,1476.8,414.84,14.29,34.95,153.92,145.04,40.47,44.22,33.44,109.47,povprecje
fantje_in_punce,5,2019,1478.01,416.33,14.5,34.7,153.22,144.69,40.18,43.95,32.48,109.56,povprecje
fantje_in_punce,5,2020,1484.83,428.82,15.19,34.37,151.5,155.73,37.96,43.68,28.23,112.57,povprecje
fantje_in_punce,5,2021,1485.51,432.26,15.51,34.26,150.66,155.46,37.84,42.93,27.87,111.97,povprecje
fantje_in_punce,5,vsa_leta,1476.48,418.86,14.5,34.66,153.75,147.33,39.79,43.77,31.72,110.22,povprecje
fantje_in_punce,6,2009,1533.85,468.26,14.44,36.67,163.26,141.09,41.54,43.51,31.31,106.91,povprecje
fantje_in_punce,6,2010,1535.03,471.2,14.59,36.85,163.12,139.99,41.69,43.75,31.62,106.94,povprecje
fantje_in_punce,6,2011,1535.14,471.62,14.64,36.87,161.56,141.68,41.71,43.78,30.97,107.39,povprecje
fantje_in_punce,6,2012,1535.71,471.31,14.55,36.97,161.86,141.79,42.01,43.84,31.8,106.97,povprecje
fantje_in_punce,6,2013,1535.94,469.88,14.63,37.13,161.53,139.69,42.37,44.06,31.99,106.52,povprecje
fantje_in_punce,6,2014,1537.05,467.97,14.47,37.37,161.71,139.49,42.51,44.06,33.23,106.55,povprecje
fantje_in_punce,6,2015,1537.59,467.89,14.45,37.64,162.03,136.72,42.65,44.28,33.3,106.27,povprecje
fantje_in_punce,6,2016,1538.1,468.73,14.51,37.62,161.72,137.2,42.58,44.39,32.7,106.07,povprecje
fantje_in_punce,6,2017,1538.66,469.53,14.51,37.61,161.04,137.52,42.46,44.25,32.71,106.21,povprecje
fantje_in_punce,6,2018,1542.71,472.48,14.49,37.66,162.56,136.52,42.51,44.46,33.18,105.88,povprecje
fantje_in_punce,6,2019,1538.76,467.35,14.48,37.52,161.41,136.66,42.22,44.22,32.86,105.87,povprecje
fantje_in_punce,6,2020,1544.33,482.12,15.46,36.78,159.29,146.51,40.66,44.05,28.95,108.53,povprecje
fantje_in_punce,6,2021,1545.8,484.48,15.57,36.74,158.53,145.82,40.15,43.47,27.91,108.7,povprecje
fantje_in_punce,6,vsa_leta,1538.29,471.52,14.66,37.2,161.56,139.83,41.96,44.01,31.81,106.77,povprecje
fantje_in_punce,7,2009,1592.45,519.47,14.3,39.16,171.85,133.85,43.88,44.45,33.94,103.32,povprecje
fantje_in_punce,7,2010,1595.04,525.34,14.49,39.15,170.98,133.29,44.22,44.43,33.37,103.61,povprecje
fantje_in_punce,7,2011,1597.86,527.44,14.56,39.38,170.13,134.3,44.37,44.6,33.32,103.75,povprecje
fantje_in_punce,7,2012,1596.43,525.89,14.58,39.36,169.99,134.26,44.55,44.47,33.83,103.48,povprecje
fantje_in_punce,7,2013,1597.95,526.35,14.57,39.68,170.18,132.61,45.07,44.84,34.62,103.23,povprecje
fantje_in_punce,7,2014,1598.18,523.29,14.39,39.83,170.29,131.88,45.09,44.93,35.24,102.94,povprecje
fantje_in_punce,7,2015,1600.67,523.62,14.29,40.08,170.73,130.14,45.13,44.97,36.44,102.54,povprecje
fantje_in_punce,7,2016,1600.18,524.52,14.44,40.04,170.61,129.67,45.17,45.12,35.55,102.42,povprecje
fantje_in_punce,7,2017,1601.18,523.73,14.36,39.94,170.63,129.02,44.97,45.3,36.06,102.4,povprecje
fantje_in_punce,7,2018,1601.95,527.12,14.63,39.93,170.79,130.11,44.79,45.27,35.33,103,povprecje
fantje_in_punce,7,2019,1602.36,526.51,14.54,39.85,170.57,129.15,44.7,45.15,35.33,102.32,povprecje
fantje_in_punce,7,2020,1604.07,533.53,14.89,39.2,168.47,136.51,42.97,45.08,32.24,104.53,povprecje
fantje_in_punce,7,2021,1607.67,541.97,15.51,39.11,167.29,136.73,42.7,44.44,30.51,104.67,povprecje
fantje_in_punce,7,vsa_leta,1599.64,526.76,14.58,39.61,170.23,132.3,44.47,44.84,34.33,103.21,povprecje
fantje_in_punce,8,2009,1647.95,570.95,14.13,41.55,181,125.42,46.65,45.45,37.02,99.97,povprecje
fantje_in_punce,8,2010,1648.86,575.64,14.12,41.52,180.03,125.12,46.46,45.62,37,99.84,povprecje
fantje_in_punce,8,2011,1651.71,578.89,14.26,41.66,178.74,126.2,46.68,45.47,36.68,100.09,povprecje
fantje_in_punce,8,2012,1653.01,579.03,14.17,41.74,179.02,125.99,47.2,45.58,37.47,99.89,povprecje
fantje_in_punce,8,2013,1652.74,578.29,14.26,41.93,178.81,125.38,47.15,45.78,37.96,99.8,povprecje
fantje_in_punce,8,2014,1653.68,576.54,14.13,42.13,179.14,124.65,47.54,46.08,39.25,99.39,povprecje
fantje_in_punce,8,2015,1655.04,576.73,14.04,42.3,178.98,122.71,47.49,46.25,39.54,98.94,povprecje
fantje_in_punce,8,2016,1655.92,577.77,14.06,42.31,179.69,122.57,47.18,46.21,39.67,98.73,povprecje
fantje_in_punce,8,2017,1656.5,577.79,14.18,42.32,179.78,121.51,47.36,46.4,39.58,98.76,povprecje
fantje_in_punce,8,2018,1656.67,577.44,14.09,42.16,180.69,121.28,47.27,46.68,39.63,98.61,povprecje
fantje_in_punce,8,2019,1656.96,580.5,14.27,42.1,179.48,121.99,46.8,46.35,38.42,98.93,povprecje
fantje_in_punce,8,2020,1659.14,586.27,14.6,41.46,177.51,126.61,45.61,46.09,36.05,100.99,povprecje
fantje_in_punce,8,2021,1659.54,588.86,14.92,41.46,176.64,126.71,45.16,45.88,35.19,100.77,povprecje
fantje_in_punce,8,vsa_leta,1654.24,578.54,14.24,41.91,179.26,124.24,46.85,45.98,38.02,99.54,povprecje
fantje_in_punce,9,2009,1687.18,613.08,13.82,43.5,188.11,118.04,48.64,46.83,39.74,97.51,povprecje
fantje_in_punce,9,2010,1689.43,616.63,13.93,43.62,187.89,118.36,48.72,46.63,40.43,97.4,povprecje
fantje_in_punce,9,2011,1690.97,618.16,13.93,43.7,186.58,118.96,48.57,46.77,40.41,97.22,povprecje
fantje_in_punce,9,2012,1691.38,619.04,14,43.72,186.38,119.15,48.85,46.6,40.93,97.1,povprecje
fantje_in_punce,9,2013,1693.6,620.23,13.88,44.04,187.1,118.16,49.34,47,42,96.88,povprecje
fantje_in_punce,9,2014,1692.18,616.69,13.75,44.18,186.68,117.44,49.31,47.21,42.99,96.69,povprecje
fantje_in_punce,9,2015,1694.17,618.74,13.85,44.25,187.24,115.92,49.43,47.56,43.09,96.13,povprecje
fantje_in_punce,9,2016,1694.58,618.78,13.79,44.28,187.23,115.51,48.98,47.59,43.25,96,povprecje
fantje_in_punce,9,2017,1696.67,619.87,13.87,44.26,187.71,115.04,49.02,47.72,43.42,95.89,povprecje
fantje_in_punce,9,2018,1693.18,618.39,13.91,44,188.19,115.15,48.88,47.96,43.05,96.29,povprecje
fantje_in_punce,9,2019,1696.07,619.89,13.76,44.13,187.98,113.92,48.82,47.96,42.98,95.97,povprecje
fantje_in_punce,9,2020,1692.22,618.16,13.83,43.23,184.93,120.74,46.61,47.05,39.91,98.68,povprecje
fantje_in_punce,9,2021,1699.43,631.73,14.6,43.44,184.91,119.73,47.01,47.25,38.87,97.71,povprecje
fantje_in_punce,9,vsa_leta,1693.18,619.23,13.92,43.91,187.12,117.21,48.75,47.24,41.7,96.78,povprecje
fantje_in_punce,vsi_razredi_skupaj,2009,1475.57,427.97,13.38,33.81,154.9,155.76,38.48,43.98,30.72,112.16,povprecje
fantje_in_punce,vsi_razredi_skupaj,2010,1475.36,429.7,13.48,33.89,154.34,154.97,38.69,44.1,30.74,112.28,povprecje
fantje_in_punce,vsi_razredi_skupaj,2011,1475.33,429.09,13.45,33.94,153.11,156.11,38.75,44.13,30.66,112.56,povprecje
fantje_in_punce,vsi_razredi_skupaj,2012,1474.3,427.54,13.43,33.95,153.33,156.31,39.02,44.05,31.13,112.07,povprecje
fantje_in_punce,vsi_razredi_skupaj,2013,1472.77,425.75,13.43,34.05,152.73,155.17,39.07,44.25,31.1,112.32,povprecje
fantje_in_punce,vsi_razredi_skupaj,2014,1470.01,422.04,13.29,34.1,152.33,155.17,39.1,44.34,32.01,112.35,povprecje
fantje_in_punce,vsi_razredi_skupaj,2015,1467.96,419.07,13.23,34,152,153.67,39,44.35,32.13,112.12,povprecje
fantje_in_punce,vsi_razredi_skupaj,2016,1464.85,416.86,13.29,33.93,151.32,154.59,38.7,44.36,31.54,112.29,povprecje
fantje_in_punce,vsi_razredi_skupaj,2017,1464.39,415.43,13.23,33.83,151.2,153.89,38.71,44.47,32.17,112.06,povprecje
fantje_in_punce,vsi_razredi_skupaj,2018,1465.35,416.43,13.31,33.8,151.69,153.94,38.72,44.57,32.04,111.99,povprecje
fantje_in_punce,vsi_razredi_skupaj,2019,1467.49,417.58,13.32,33.87,151.55,153.26,38.69,44.48,31.82,111.77,povprecje
fantje_in_punce,vsi_razredi_skupaj,2020,1487.09,438.7,14.22,33.84,151.31,162.68,37.62,44.1,28.47,113.04,povprecje
fantje_in_punce,vsi_razredi_skupaj,2021,1482.97,438.44,14.33,33.64,150.24,162.67,37.16,43.77,27.93,113.24,povprecje
fantje_in_punce,vsi_razredi_skupaj,vsa_leta,1471.79,424.19,13.46,33.9,152.31,155.69,38.63,44.24,31.08,112.29,povprecje
