spol,razred,leto,visina,teza,kozna_guba,dotikanje_plosce_z_roko,skos_z_mesta,premagovanje_ovir_nazaj,trebusnjaki,predklon_naprej,vesa_v_zgibi,tek_na_60m,vrsta
fantje,1,2009,55.219,50.814,4.377,3.912,17.596,66.967,7.455,6.124,17.591,14.252,stdev
fantje,1,2010,53.9,51.547,4.501,3.934,17.516,65.107,7.616,6.057,18.318,14.524,stdev
fantje,1,2011,55.326,50.849,4.297,3.788,17.618,64.418,7.64,6.022,18.354,15.534,stdev
fantje,1,2012,60.422,52.062,4.392,3.983,18.171,64.174,7.632,6.115,17.88,14.541,stdev
fantje,1,2013,55.074,50.059,4.404,3.918,17.283,63.167,7.636,6.093,18.021,14.548,stdev
fantje,1,2014,55.207,48.992,4.272,3.98,17.184,60.955,7.482,6.089,18.596,14.314,stdev
fantje,1,2015,54.676,48.756,4.227,3.793,17.375,60.21,7.629,6.083,18.3,14.081,stdev
fantje,1,2016,55.298,49.042,4.273,3.826,17.602,63.149,7.614,6.085,17.182,14.324,stdev
fantje,1,2017,58.662,50.862,4.222,3.944,17.588,62.998,7.721,6.103,18.965,14.309,stdev
fantje,1,2018,55.071,48.3,4.194,3.922,17.993,62.819,7.646,6.061,21.876,14.194,stdev
fantje,1,2019,56.244,49.812,4.173,3.915,17.851,62.911,7.518,6.211,21.486,14.256,stdev
fantje,1,2020,61.114,58.905,5.044,3.901,18.124,69.89,7.875,5.955,17.285,15.347,stdev
fantje,1,2021,58.565,58.145,4.947,3.871,18.838,70.441,7.492,6.071,17.342,15.836,stdev
fantje,1,vsa_leta,56.441,51.096,4.379,3.904,17.74,64.199,7.611,6.094,18.765,14.606,stdev
fantje,2,2009,55.592,62.873,5.061,4.048,18.771,53.339,7.771,6.301,20.646,12.918,stdev
fantje,2,2010,55.618,63.345,5.088,4.146,18.639,54.454,7.752,6.404,21.692,13.139,stdev
fantje,2,2011,55.535,63.347,4.948,3.986,17.91,53.495,7.81,6.193,21.47,13.322,stdev
fantje,2,2012,56.591,62.213,4.88,4.034,18.586,53.73,7.633,6.238,21.734,13.055,stdev
fantje,2,2013,55.781,61.987,4.995,3.982,18.138,51.789,7.834,6.243,21.335,13.705,stdev
fantje,2,2014,55.929,62.209,5.063,4.045,18.254,52.346,7.777,6.286,22,13.392,stdev
fantje,2,2015,56.214,60.631,4.945,3.977,18.343,50.851,7.888,6.306,22.354,12.793,stdev
fantje,2,2016,56.48,62.142,5.018,3.976,18.749,51.373,7.944,6.373,21.908,13.004,stdev
fantje,2,2017,58.01,62.741,4.91,4.217,18.125,51.92,7.921,6.307,21.971,13.206,stdev
fantje,2,2018,56.488,60.781,5.055,3.937,20.606,55.727,7.689,6.426,23.755,13.662,stdev
fantje,2,2019,56.652,60.675,4.896,3.971,18.439,52.761,7.788,6.365,28.021,12.99,stdev
fantje,2,2020,62.589,70.932,5.462,4.16,18.85,65.183,8.269,6.389,20.931,14.583,stdev
fantje,2,2021,57.437,68.61,5.647,4.008,18.906,62.024,7.856,6.312,20.363,14.627,stdev
fantje,2,vsa_leta,56.686,62.981,5.065,4.04,18.689,54.337,7.844,6.325,22.449,13.389,stdev
fantje,3,2009,61.2,74.26,5.621,4.335,19.503,50.312,8.236,6.516,23.631,12.297,stdev
fantje,3,2010,59.591,76.526,5.748,4.198,19.78,48.823,8.106,6.723,23.982,12.551,stdev
fantje,3,2011,60.414,76.308,5.616,4.277,19.33,48.974,8.13,6.581,24.535,12.628,stdev
fantje,3,2012,58.921,75.69,5.697,4.322,19.239,49.562,8.147,6.566,24.939,12.276,stdev
fantje,3,2013,63.103,78.604,5.649,4.307,19.548,48.006,8.269,6.462,24.391,13.223,stdev
fantje,3,2014,59.79,74.893,5.7,4.23,19.485,49.781,8.108,6.389,24.993,12.714,stdev
fantje,3,2015,60.816,74.901,5.631,4.142,19.38,48.298,8.152,6.608,25.364,12.519,stdev
fantje,3,2016,60.506,74.282,5.718,4.271,19.715,48.981,8.145,6.594,25.395,12.653,stdev
fantje,3,2017,60.012,75.31,5.652,4.174,19.61,49.889,8.249,6.653,25.309,12.289,stdev
fantje,3,2018,60.634,76.045,5.678,4.033,19.619,51.396,8.093,6.603,25.09,22.207,stdev
fantje,3,2019,60.735,75.196,5.694,4.078,19.533,49.281,8.067,6.585,26.38,12.718,stdev
fantje,3,2020,65.653,84.66,6.088,4.222,20.272,57.241,8.524,6.411,23.78,14.119,stdev
fantje,3,2021,62.511,82.025,6.272,4.124,20.329,58.871,8.39,6.638,23.732,13.654,stdev
fantje,3,vsa_leta,60.959,76.575,5.748,4.214,19.64,50.735,8.214,6.58,24.862,13.894,stdev
fantje,4,2009,63.98,88.227,6.199,4.396,20.326,46.028,8.511,6.739,26.216,11.863,stdev
fantje,4,2010,64.855,88.756,6.271,4.371,20.204,46.907,8.455,6.791,26.427,11.952,stdev
fantje,4,2011,64.878,89.728,6.171,4.354,20.745,46.894,8.668,6.735,26.713,12.209,stdev
fantje,4,2012,65.065,89.005,6.16,4.381,20.34,47.852,8.583,6.833,26.996,12.433,stdev
fantje,4,2013,64.14,90.605,6.242,4.46,20.287,47.326,8.891,6.736,26.947,12.527,stdev
fantje,4,2014,64.489,89.873,6.132,4.271,20.424,47.034,8.72,6.849,27.422,12.306,stdev
fantje,4,2015,64.59,88.998,6.171,4.399,20.5,46.597,8.607,6.762,27.225,12.013,stdev
fantje,4,2016,65.301,89.603,6.26,4.268,20.697,46.463,8.662,6.772,26.899,12.668,stdev
fantje,4,2017,64.792,88.678,6.229,4.218,20.362,46.916,8.521,6.874,27.298,12.303,stdev
fantje,4,2018,64.531,89.923,6.285,4.205,21.945,51.656,8.731,6.957,28.671,29.635,stdev
fantje,4,2019,65.014,89.812,6.215,4.152,20.713,48.89,8.693,6.887,29.978,12.589,stdev
fantje,4,2020,70.022,100.554,6.859,4.222,21.212,56.594,8.992,6.773,25.582,13.91,stdev
fantje,4,2021,65.336,96.562,6.813,4.223,21.601,57.234,8.695,6.995,25.503,13.84,stdev
fantje,4,vsa_leta,65.032,90.564,6.305,4.309,20.768,49.011,8.693,6.843,27.264,14.957,stdev
fantje,5,2009,68.448,101.836,6.651,4.482,21.322,46.399,9.082,6.978,27.491,11.585,stdev
fantje,5,2010,68.757,103.915,6.719,4.41,21.748,44.926,9.073,7.099,27.388,11.89,stdev
fantje,5,2011,69.659,103.855,6.553,4.48,21.786,45.452,8.998,7.012,27.586,11.696,stdev
fantje,5,2012,69.004,103.396,6.498,4.354,21.509,44.384,9.212,6.987,28.247,12.295,stdev
fantje,5,2013,69.128,102.904,6.588,4.384,21.394,45.186,9.272,6.952,27.722,11.758,stdev
fantje,5,2014,67.834,104.47,6.564,4.334,21.229,44.981,9.2,6.934,28.139,11.96,stdev
fantje,5,2015,68.931,102.968,6.572,4.41,21.632,46.046,9.123,7.023,28.686,12.303,stdev
fantje,5,2016,69.558,103.852,6.672,4.408,21.954,47.322,9.161,7.062,28.303,12.386,stdev
fantje,5,2017,69.105,103.67,6.744,4.383,21.58,44.492,9.201,7.03,28.017,12.137,stdev
fantje,5,2018,70.094,104.231,6.735,4.49,22.727,53.102,9.34,7.178,31.727,22.926,stdev
fantje,5,2019,69.468,106.049,6.798,4.359,22.19,47.312,9.398,7.188,30.219,12.439,stdev
fantje,5,2020,76.949,113.478,6.969,4.18,22.642,54.833,9.606,7.045,26.641,13.254,stdev
fantje,5,2021,70.795,113.303,7.41,4.422,23.013,53.281,9.494,7.118,26.29,13.865,stdev
fantje,5,vsa_leta,69.676,105.21,6.751,4.409,21.953,47.6,9.276,7.065,28.394,13.578,stdev
fantje,6,2009,73.761,112.714,6.788,4.562,22.485,41.626,9.665,7.179,27.383,11.322,stdev
fantje,6,2010,75.771,117.113,6.895,4.615,22.643,43.917,9.569,7.411,27.731,11.698,stdev
fantje,6,2011,75.407,117.642,6.998,4.652,22.812,44.293,9.921,7.369,27.255,12.359,stdev
fantje,6,2012,76.982,117.802,6.898,4.604,22.727,44.28,9.865,7.439,27.557,11.802,stdev
fantje,6,2013,75.826,116.347,6.882,4.62,23.156,43.35,9.935,7.22,27.749,11.89,stdev
fantje,6,2014,77.165,116.186,6.856,4.493,23.084,44.317,9.759,7.27,27.895,12.237,stdev
fantje,6,2015,76.601,119.375,6.889,4.519,22.871,43.209,9.805,7.386,27.82,11.713,stdev
fantje,6,2016,76.475,119.255,6.899,4.534,23.244,44.259,9.726,7.313,27.791,12.213,stdev
fantje,6,2017,76.865,119.043,6.968,4.612,23.315,44.857,9.927,7.357,28.137,12.03,stdev
fantje,6,2018,81.184,122.672,6.978,4.953,24.495,46.134,9.906,7.415,27.97,18.35,stdev
fantje,6,2019,77.867,120.844,7.01,4.508,23.346,45.282,9.993,7.431,30.421,12.304,stdev
fantje,6,2020,82.207,132.41,7.417,4.513,24.335,58.878,10.211,7.228,26.943,13.667,stdev
fantje,6,2021,79.47,130.013,7.552,4.495,24.387,51.583,9.991,7.546,25.993,14.249,stdev
fantje,6,vsa_leta,77.381,120.059,7.01,4.606,23.33,45.686,9.887,7.37,27.845,12.943,stdev
fantje,7,2009,84.935,126.545,7.039,5.009,24.554,40.54,10.369,7.632,27.739,11.804,stdev
fantje,7,2010,83.149,125.559,6.972,4.97,24.58,40.55,10.099,7.707,28.005,11.671,stdev
fantje,7,2011,84.595,130.632,7.005,4.853,24.82,42.708,10.216,7.68,27.852,12.379,stdev
fantje,7,2012,84.044,130.674,7.01,4.939,25.112,43.473,10.675,7.789,27.923,12.467,stdev
fantje,7,2013,85.805,131.568,7.044,4.827,25.046,41.105,10.482,7.712,28.514,12.592,stdev
fantje,7,2014,84.231,128.093,6.943,4.788,25.152,41.605,10.307,7.57,28.203,12.072,stdev
fantje,7,2015,85.917,129.038,6.946,4.8,25.169,40.825,10.459,7.738,28.757,11.805,stdev
fantje,7,2016,84.979,132.668,7.02,4.763,24.926,40.441,10.208,7.747,28.125,11.982,stdev
fantje,7,2017,85.103,131.138,6.975,4.766,25.657,41.405,10.447,7.74,28.734,12.339,stdev
fantje,7,2018,85.118,132.293,7.159,4.885,26.719,44.137,10.329,7.766,28.934,25.893,stdev
fantje,7,2019,85.45,135.159,7.154,4.754,25.346,41.225,10.239,7.736,28.939,12.271,stdev
fantje,7,2020,91.208,145.17,7.517,4.848,26.499,50.784,10.682,7.719,28.021,13.552,stdev
fantje,7,2021,95.814,144.558,7.649,4.75,26.562,49.185,10.646,7.977,26.66,14.049,stdev
fantje,7,vsa_leta,86.316,132.462,7.114,4.849,25.399,42.821,10.415,7.745,28.236,14.014,stdev
fantje,8,2009,85.127,130.297,6.765,5.418,26.597,35.767,10.426,8.072,28.455,12.133,stdev
fantje,8,2010,86.763,133.379,6.817,5.431,27.045,35.877,10.618,8.212,28.43,11.314,stdev
fantje,8,2011,84.53,132.214,6.763,5.375,26.776,37.18,10.593,8.174,28.667,12.106,stdev
fantje,8,2012,85.953,134.637,6.731,5.417,27.121,39.062,10.699,8.189,29.089,12.356,stdev
fantje,8,2013,84.696,134.404,6.929,5.3,27.294,38.457,11.12,8.327,29.023,12.629,stdev
fantje,8,2014,86.124,134.385,6.882,5.268,27.171,37.625,10.754,8.11,29.225,12.131,stdev
fantje,8,2015,84.961,132.841,6.717,5.193,27.434,38.685,10.693,8.109,28.8,11.806,stdev
fantje,8,2016,85.921,134.274,6.826,5.047,27.672,38.019,10.321,8.202,28.996,11.891,stdev
fantje,8,2017,85.213,137.436,6.673,5.078,26.821,36.493,10.74,8.214,29.012,11.722,stdev
fantje,8,2018,85.506,135.981,6.762,5.108,28.052,43.751,10.757,8.223,30.939,15.673,stdev
fantje,8,2019,84.858,139.032,7.021,5.287,27.969,39.963,10.775,8.239,29.114,12.513,stdev
fantje,8,2020,87.211,145.385,7.094,5.146,28.115,39.367,10.637,8.224,28.122,13.701,stdev
fantje,8,2021,85.323,150.623,7.605,5.063,28.525,46.264,10.662,8.419,28.161,13.66,stdev
fantje,8,vsa_leta,85.63,136.419,6.896,5.251,27.429,39.104,10.698,8.214,29.005,12.605,stdev
fantje,9,2009,77.956,129.834,6.434,5.82,27.591,32.785,11.053,8.462,28.627,11.787,stdev
fantje,9,2010,77.995,129.04,6.513,5.742,27.967,33.281,10.65,8.648,28.971,11.039,stdev
fantje,9,2011,77.597,129.976,6.581,5.836,27.77,32.545,10.995,8.646,28.951,11.04,stdev
fantje,9,2012,77.436,129.427,6.444,5.881,28.354,33.274,10.94,8.505,29.02,11.298,stdev
fantje,9,2013,77.133,131.464,6.403,5.693,28.158,35.012,11.171,8.468,29.553,11.501,stdev
fantje,9,2014,77.009,129.388,6.413,5.603,28.187,31.97,10.967,8.571,29.68,11.079,stdev
fantje,9,2015,77.61,131.37,6.455,5.552,28.077,33.381,10.79,8.566,29.522,10.623,stdev
fantje,9,2016,76.533,130.349,6.333,5.53,28.389,36.105,10.553,8.457,29.259,11.232,stdev
fantje,9,2017,77.095,132,6.291,5.53,28.195,34.053,10.972,8.616,29.576,10.537,stdev
fantje,9,2018,85.905,139.272,6.514,5.821,30.362,39.14,11.286,8.638,29.953,21.887,stdev
fantje,9,2019,76.322,136.238,6.441,5.76,29.031,34.206,11.024,8.738,30.276,11.462,stdev
fantje,9,2020,80.445,142.623,6.479,5.479,29.058,38.435,10.859,8.295,29.832,12.537,stdev
fantje,9,2021,75.062,145.649,7.286,5.447,29.152,42.273,10.992,8.74,28.645,12.3,stdev
fantje,9,vsa_leta,78.026,133.264,6.522,5.687,28.466,35.047,10.971,8.588,29.394,12.494,stdev
fantje,vsi_razredi_skupaj,2009,168.42,161.937,6.309,8.362,33.845,55.373,12.088,7.201,26.58,17.089,stdev
fantje,vsi_razredi_skupaj,2010,169.005,163.4,6.374,8.272,33.735,54.879,11.889,7.307,26.877,17.107,stdev
fantje,vsi_razredi_skupaj,2011,169.706,164.664,6.326,8.264,33.549,55.019,11.982,7.236,26.901,17.468,stdev
fantje,vsi_razredi_skupaj,2012,170.142,164.599,6.294,8.271,33.432,55.65,12.093,7.25,27.157,17.176,stdev
fantje,vsi_razredi_skupaj,2013,170.871,165.39,6.331,8.308,33.777,54.957,12.313,7.19,27.205,17.545,stdev
fantje,vsi_razredi_skupaj,2014,171.228,163.811,6.278,8.248,33.573,54.908,12.159,7.162,27.459,17.445,stdev
fantje,vsi_razredi_skupaj,2015,172.382,164.723,6.237,8.357,33.652,54.395,12.127,7.213,27.473,17.196,stdev
fantje,vsi_razredi_skupaj,2016,171.363,163.947,6.274,8.239,33.549,55.572,11.967,7.191,27.176,17.383,stdev
fantje,vsi_razredi_skupaj,2017,170.657,163.302,6.242,8.206,33.281,55.206,12.033,7.218,27.358,17.044,stdev
fantje,vsi_razredi_skupaj,2018,169.179,162.855,6.332,8.126,34.063,57.852,11.95,7.262,28.597,23.85,stdev
fantje,vsi_razredi_skupaj,2019,168.341,163.706,6.374,8.049,33.213,55.461,11.824,7.279,29.181,16.867,stdev
fantje,vsi_razredi_skupaj,2020,161.072,164.871,6.842,7.674,32.215,62.884,11.638,7.165,26.361,17.152,stdev
fantje,vsi_razredi_skupaj,2021,169.036,172.084,7.052,8.032,33.842,63.384,11.894,7.392,25.867,17.943,stdev
fantje,vsi_razredi_skupaj,vsa_leta,169.833,164.78,6.404,8.208,33.613,56.467,12.023,7.248,27.354,17.962,stdev
punce,1,2009,57.115,50.558,4.46,3.837,16.61,73.256,7.378,5.904,17.341,14.4,stdev
punce,1,2010,55.379,50.023,4.503,3.918,16.043,73.165,7.429,5.69,18.197,13.775,stdev
punce,1,2011,56,49.909,4.385,3.843,16.857,68.368,7.38,5.894,18.08,15.692,stdev
punce,1,2012,58.708,51.158,4.543,3.944,16.822,70.852,7.377,5.92,17.167,13.923,stdev
punce,1,2013,55.656,48.927,4.453,3.798,16.599,67.175,7.382,5.745,17.426,14.188,stdev
punce,1,2014,55.993,49.63,4.482,4.036,16.453,66.645,7.398,5.656,18.217,14.087,stdev
punce,1,2015,56.384,48.937,4.383,3.88,16.677,68.642,7.41,5.842,17.953,13.846,stdev
punce,1,2016,55.948,47.887,4.26,3.778,16.897,65.486,7.379,5.799,17.134,13.902,stdev
punce,1,2017,55.726,47.381,4.228,3.761,16.455,66.241,7.307,5.715,18.475,13.987,stdev
punce,1,2018,55.75,48.058,4.256,3.704,18.873,66.523,7.423,5.699,22.244,14.28,stdev
punce,1,2019,58.102,51.138,4.282,3.717,16.675,67.25,7.343,5.946,26.057,13.946,stdev
punce,1,2020,59.486,58.775,4.72,3.848,17.115,75.395,7.617,5.844,15.912,13.931,stdev
punce,1,2021,60.181,55.337,4.818,3.776,16.954,72.831,7.324,8.17,16.524,14.822,stdev
punce,1,vsa_leta,56.914,50.209,4.43,3.836,16.877,69.156,7.398,6.033,18.99,14.254,stdev
punce,2,2009,55.069,60.346,4.889,4.031,17.184,59.584,7.567,6.087,19.439,12.901,stdev
punce,2,2010,57.129,62.366,4.996,3.997,17.438,57.519,7.543,6.099,19.452,12.438,stdev
punce,2,2011,56.296,60.522,4.893,4.136,17.044,58.558,7.607,5.963,19.94,12.687,stdev
punce,2,2012,56.548,60.483,4.91,4.065,17.55,55.775,7.463,6.014,19.473,12.731,stdev
punce,2,2013,54.918,62.076,5.112,4.042,17.123,56.794,7.601,6.098,19.78,13.068,stdev
punce,2,2014,56.833,60.387,4.871,4.14,17.138,54.797,7.557,6.145,19.986,12.379,stdev
punce,2,2015,56.757,61.356,4.896,4.048,17.168,54.838,7.623,6.162,21.037,12.105,stdev
punce,2,2016,56.279,60.744,5,4.113,17.44,54.52,7.498,6.113,19.553,12.721,stdev
punce,2,2017,56.606,59.848,4.873,4.242,17.378,52.602,7.408,6.168,20.971,12.319,stdev
punce,2,2018,56.094,59.445,4.924,3.843,18.258,56.609,7.44,6.104,23.744,13.069,stdev
punce,2,2019,57.048,60.121,4.88,3.834,17.083,53.166,7.51,6.125,21.607,12.527,stdev
punce,2,2020,62.298,67.385,5.33,4.144,18.053,65.025,7.897,6.073,18.64,14.228,stdev
punce,2,2021,57.809,66.488,5.279,4.031,17.717,62.863,7.587,6.081,18.731,14.077,stdev
punce,2,vsa_leta,56.71,61.433,4.979,4.059,17.44,57.077,7.569,6.108,20.416,12.828,stdev
punce,3,2009,61.738,73.956,5.58,4.34,18.689,52.276,7.897,6.301,21.967,11.613,stdev
punce,3,2010,59.716,73.591,5.492,4.186,18.265,51.519,7.661,6.36,21.712,11.643,stdev
punce,3,2011,61.633,73.653,5.473,4.163,18.485,51.967,7.978,6.427,21.086,12.167,stdev
punce,3,2012,60.383,72.033,5.468,4.428,18.307,52.668,7.99,6.324,22.641,11.475,stdev
punce,3,2013,63.041,76.287,5.503,4.287,18.276,48.607,7.936,6.249,21.843,11.935,stdev
punce,3,2014,59.466,75.482,5.591,4.157,18.48,50.671,7.884,6.389,22.425,12.066,stdev
punce,3,2015,61.247,72.377,5.291,4.2,18.282,49.224,7.765,6.471,22.423,11.497,stdev
punce,3,2016,61.173,73.598,5.56,4.285,18.327,48.812,7.798,6.537,22.424,12.019,stdev
punce,3,2017,61.021,73.453,5.441,4.246,18.236,49.051,7.652,6.546,22.752,11.647,stdev
punce,3,2018,60.932,72.8,5.474,4.016,18.792,50.288,7.62,6.549,26.04,14.439,stdev
punce,3,2019,61.398,72.106,5.498,3.987,18.604,50.816,7.619,6.522,23.606,12.051,stdev
punce,3,2020,65.549,78.308,5.582,4.276,18.768,57.263,7.804,6.471,21.021,13.072,stdev
punce,3,2021,62.869,78.024,5.873,4.071,19.154,58.964,7.926,6.641,21.08,13.249,stdev
punce,3,vsa_leta,61.442,74.147,5.529,4.212,18.536,51.717,7.834,6.462,22.595,12.26,stdev
punce,4,2009,67.181,85.79,5.802,4.261,19.028,47.338,8.116,6.513,23.318,11.36,stdev
punce,4,2010,68.199,89.035,5.964,4.323,19.766,46.09,7.947,6.57,23.205,11.381,stdev
punce,4,2011,66.852,87.811,5.774,4.314,19.023,48.872,8.176,6.541,23.351,11.331,stdev
punce,4,2012,68.52,87.801,5.808,4.338,19.438,47.892,8.017,6.758,23.653,11.19,stdev
punce,4,2013,67.028,85.52,5.785,4.449,19.202,47.32,8.38,6.639,24.5,11.174,stdev
punce,4,2014,67.413,87.168,5.915,4.23,19.074,45.762,8.186,6.626,24.277,11.249,stdev
punce,4,2015,66.771,89.059,5.919,4.264,19.251,45.841,8.041,6.722,24.495,11.232,stdev
punce,4,2016,67.058,87.229,5.886,4.201,19.451,44.585,8.004,6.655,23.844,11.658,stdev
punce,4,2017,68.068,87.307,5.905,4.183,19.309,44.778,8.142,6.83,25.057,11.269,stdev
punce,4,2018,67.081,87.535,5.853,4.216,20.019,46.867,8,6.911,25.255,17.889,stdev
punce,4,2019,67.441,86.295,5.865,4.07,19.399,46.891,7.943,6.915,26.066,11.428,stdev
punce,4,2020,73.578,94.908,5.991,4.263,19.727,53.74,8.143,6.728,23.255,12.752,stdev
punce,4,2021,69.65,93.934,6.223,4.146,19.923,52.99,7.93,6.969,22.772,12.652,stdev
punce,4,vsa_leta,67.913,88.272,5.904,4.261,19.474,47.6,8.108,6.743,24.221,12.279,stdev
punce,5,2009,73.256,98.809,5.969,4.483,20.126,43.391,8.517,6.851,24.026,10.64,stdev
punce,5,2010,73.073,99.739,6.204,4.504,20.686,43.379,8.387,6.818,24.581,10.938,stdev
punce,5,2011,73.513,104.503,6.136,4.43,20.877,43.812,8.711,6.879,24.979,11.128,stdev
punce,5,2012,72.017,101.536,6.05,4.449,20.656,44.823,8.467,6.86,25.032,11.284,stdev
punce,5,2013,73.985,102.052,6.131,4.322,20.506,42.284,8.665,6.974,24.632,10.912,stdev
punce,5,2014,73.502,100.423,6.124,4.376,20.264,43.215,8.562,6.936,25.543,10.581,stdev
punce,5,2015,73.365,101.056,6.232,4.374,20.403,40.938,8.51,6.897,25.676,11.091,stdev
punce,5,2016,72.889,104.594,6.213,4.317,20.685,42.378,8.518,7.012,24.934,10.914,stdev
punce,5,2017,73.122,101.915,6.109,4.4,20.771,41.519,8.486,7.049,25.352,10.774,stdev
punce,5,2018,73.949,101.59,6.256,4.366,20.803,47.005,8.45,7.138,27.42,16.68,stdev
punce,5,2019,73.126,102.65,6.177,4.213,21.369,41.911,8.278,7.248,27.129,11.055,stdev
punce,5,2020,78.046,111.249,6.207,4.305,21.148,46.138,8.286,7.034,23.861,11.856,stdev
punce,5,2021,73.432,107.969,6.566,4.29,21.644,48.88,8.332,7.349,24.239,12.007,stdev
punce,5,vsa_leta,73.56,102.809,6.194,4.386,20.807,43.987,8.516,7.03,25.336,11.697,stdev
punce,6,2009,74.66,111.731,6.195,4.653,21.692,40.701,8.868,7.067,23.58,10.652,stdev
punce,6,2010,74.132,109.783,6.035,4.601,21.706,39.391,8.773,7.153,24.705,10.462,stdev
punce,6,2011,74.192,112.159,6.142,4.567,21.635,41.282,8.997,7.169,24.309,10.856,stdev
punce,6,2012,74.511,114.37,6.053,4.574,22.087,40.92,9.019,7.232,24.946,10.92,stdev
punce,6,2013,72.791,113.688,6.217,4.587,21.753,40.639,8.908,7.158,25.251,10.636,stdev
punce,6,2014,74.681,111.811,6.158,4.435,21.984,40.567,8.876,7.258,25.624,10.48,stdev
punce,6,2015,73.91,111.023,6.078,4.496,22.056,38.478,8.973,7.336,25.821,10.384,stdev
punce,6,2016,74.549,113.126,6.206,4.438,21.998,38.806,8.705,7.288,24.881,10.668,stdev
punce,6,2017,73.638,115.586,6.279,4.454,22.381,38.595,8.97,7.453,24.909,10.608,stdev
punce,6,2018,75.919,114.367,6.131,5.089,23.011,40.546,8.906,7.424,26.816,14.665,stdev
punce,6,2019,75.563,112.52,6.196,4.442,22.316,38.393,8.921,7.516,25.704,10.529,stdev
punce,6,2020,75.991,119.854,6.149,4.502,22.218,44.326,8.688,7.424,23.05,11.6,stdev
punce,6,2021,73.41,118.929,6.554,4.457,22.79,43.977,8.564,7.669,23.599,11.555,stdev
punce,6,vsa_leta,74.479,113.741,6.197,4.592,22.178,40.575,8.892,7.347,25,11.173,stdev
punce,7,2009,68.315,112.521,6.001,4.84,22.309,36.698,9.295,7.267,23.734,10.23,stdev
punce,7,2010,68.386,115.826,6.172,4.78,22.967,37.371,9.363,7.42,24.032,10.422,stdev
punce,7,2011,68.583,113.235,6.137,4.791,22.924,38.02,9.45,7.391,24.351,10.796,stdev
punce,7,2012,68.575,115.177,6.061,4.791,23.211,38.618,9.493,7.425,24.763,10.433,stdev
punce,7,2013,68.535,116.932,6.208,4.698,23.275,38.224,9.609,7.316,25.327,10.837,stdev
punce,7,2014,66.849,114.689,6.194,4.772,22.924,39.239,9.508,7.367,24.886,10.604,stdev
punce,7,2015,68.984,114.896,6.124,4.704,23.369,38.249,9.368,7.52,25.838,10.661,stdev
punce,7,2016,68.35,113.805,6.159,4.643,23.111,37.957,9.431,7.63,25.617,10.238,stdev
punce,7,2017,68.564,115.59,6.248,4.586,23.089,36.914,9.202,7.669,25.237,10.238,stdev
punce,7,2018,67.953,120.337,6.326,4.709,25.47,39.936,9.247,7.763,25.732,23.319,stdev
punce,7,2019,68.757,116.532,6.13,4.711,23.484,35.467,9.351,7.688,27.388,10.49,stdev
punce,7,2020,71.547,123.195,6.325,4.564,23.526,38.194,8.987,7.701,23.731,10.785,stdev
punce,7,2021,67.368,121.256,6.442,4.693,24.113,42.425,9.157,7.999,23.546,11.492,stdev
punce,7,vsa_leta,68.447,116.414,6.2,4.743,23.417,38.462,9.386,7.581,25.055,12.15,stdev
punce,8,2009,62.462,108.126,6.043,4.983,23.242,35.246,9.86,7.439,23.91,10.715,stdev
punce,8,2010,62.404,110.268,5.973,5.082,23,34.036,9.828,7.405,23.862,10.162,stdev
punce,8,2011,62.205,112.534,6.176,4.967,23.956,36.873,9.919,7.556,23.71,10.662,stdev
punce,8,2012,63.233,109.772,6.146,5.053,24.129,36.141,9.982,7.593,24.159,10.609,stdev
punce,8,2013,62.424,111.868,6.125,4.999,23.908,37.451,9.995,7.674,25.08,11.111,stdev
punce,8,2014,62.705,112.171,6.152,4.864,24.37,37.041,9.96,7.54,24.96,11.151,stdev
punce,8,2015,61.147,111.399,6.132,4.871,24.2,35.694,9.969,7.608,25.104,10.739,stdev
punce,8,2016,63.002,112.609,6.181,4.747,24.634,36.388,9.748,7.658,25.581,10.556,stdev
punce,8,2017,62.876,112.05,6.228,4.878,24.113,35.002,10.048,7.849,25.5,10.6,stdev
punce,8,2018,62.99,112.009,6.228,4.928,24.615,37.924,9.648,7.649,26.199,11.229,stdev
punce,8,2019,62.709,118.087,6.318,4.828,24.147,34.042,9.807,8.008,25.338,10.806,stdev
punce,8,2020,63.733,114.43,6.098,4.806,24.395,35.082,9.691,7.562,24.081,10.956,stdev
punce,8,2021,62.627,115.671,6.492,4.744,24.662,36.886,9.596,8.1,24.045,11.362,stdev
punce,8,vsa_leta,62.643,112.373,6.185,4.929,24.129,36.163,9.879,7.709,24.806,10.849,stdev
punce,9,2009,59.783,103.981,5.977,5.327,23.594,33.485,10.458,7.529,23.324,10.825,stdev
punce,9,2010,59.852,104.719,6.101,5.176,24.205,34.11,10.168,7.513,23.842,10.867,stdev
punce,9,2011,60.687,107.061,5.978,5.144,24.069,34.936,10.201,7.612,23.669,10.81,stdev
punce,9,2012,60.988,109.154,6.099,5.235,24.544,35.483,10.284,7.709,24.129,11.075,stdev
punce,9,2013,61.249,106.297,6.05,5.179,24.229,35.131,10.286,7.602,24.641,11.476,stdev
punce,9,2014,61.097,107.012,6.059,4.934,24.301,34.938,10.155,7.658,24.929,10.728,stdev
punce,9,2015,61.203,109.59,6.101,5.046,24.658,33.875,10.126,7.56,24.725,10.419,stdev
punce,9,2016,59.952,108.332,6.177,4.938,24.436,35.184,10.252,7.592,24.669,10.713,stdev
punce,9,2017,62.055,110.669,6.201,5.038,24.852,34.686,10.449,7.776,25.062,10.93,stdev
punce,9,2018,67.158,110.69,6.276,5.084,24.911,34.286,10.341,7.978,28.526,15.115,stdev
punce,9,2019,62.217,110.187,6.111,5.05,24.666,32.807,10.202,7.775,25.406,10.475,stdev
punce,9,2020,60.583,116.623,5.975,5.022,24.862,34.678,9.587,7.865,23.802,13.116,stdev
punce,9,2021,61.154,115.398,6.301,5.06,24.592,36.073,10.024,7.936,24.241,11.312,stdev
punce,9,vsa_leta,61.463,108.843,6.118,5.118,24.449,34.699,10.256,7.733,24.795,11.349,stdev
punce,vsi_razredi_skupaj,2009,154.128,145.847,5.822,8.177,28.502,58.824,11.121,7.145,22.782,15.759,stdev
punce,vsi_razredi_skupaj,2010,153.611,147.054,5.885,8.058,28.346,58.026,10.892,7.129,23.109,15.628,stdev
punce,vsi_razredi_skupaj,2011,154.555,148.756,5.864,8.07,28.244,58.095,10.939,7.177,23.065,16.155,stdev
punce,vsi_razredi_skupaj,2012,154.738,148.777,5.857,8.095,28.345,58.313,10.871,7.223,23.441,15.579,stdev
punce,vsi_razredi_skupaj,2013,155.107,148.912,5.897,8.159,28.446,57.377,11.092,7.207,23.76,16.051,stdev
punce,vsi_razredi_skupaj,2014,155.518,147.772,5.881,8.169,28.516,57.159,10.987,7.234,23.937,15.973,stdev
punce,vsi_razredi_skupaj,2015,156.628,148.911,5.84,8.348,28.763,57.415,11.051,7.334,24.179,15.896,stdev
punce,vsi_razredi_skupaj,2016,155.298,148.005,5.879,8.216,28.869,56.994,10.913,7.345,23.703,16.051,stdev
punce,vsi_razredi_skupaj,2017,155.189,148.141,5.871,8.188,28.637,56.234,10.812,7.408,24.077,15.746,stdev
punce,vsi_razredi_skupaj,2018,154.646,148.146,5.897,8.133,29.412,57.912,10.714,7.439,26.13,19.072,stdev
punce,vsi_razredi_skupaj,2019,153.94,148.085,5.877,8,28.784,56.68,10.661,7.503,25.859,15.665,stdev
punce,vsi_razredi_skupaj,2020,145.825,147.237,5.964,7.61,27.609,61.821,10.204,7.425,22.662,15.605,stdev
punce,vsi_razredi_skupaj,2021,151.764,150.896,6.223,7.898,28.717,63.244,10.581,7.965,22.727,16.216,stdev
punce,vsi_razredi_skupaj,vsa_leta,154.417,148.41,5.91,8.11,28.632,58.254,10.872,7.367,23.943,16.183,stdev
fantje_in_punce,1,2009,56.418,50.79,4.466,3.876,17.591,71.224,7.428,6.094,17.476,14.444,stdev
fantje_in_punce,1,2010,54.825,50.915,4.55,3.926,17.229,70.321,7.539,5.973,18.261,14.265,stdev
fantje_in_punce,1,2011,55.859,50.467,4.389,3.815,17.588,67.383,7.519,6.054,18.225,15.729,stdev
fantje_in_punce,1,2012,59.82,51.696,4.523,3.964,17.945,68.486,7.514,6.112,17.55,14.348,stdev
fantje_in_punce,1,2013,55.59,49.628,4.471,3.86,17.344,66.059,7.523,6.036,17.74,14.506,stdev
fantje_in_punce,1,2014,55.78,49.378,4.437,4.008,17.243,64.544,7.446,5.997,18.416,14.328,stdev
fantje_in_punce,1,2015,55.747,48.902,4.364,3.836,17.425,65.371,7.529,6.085,18.141,14.091,stdev
fantje_in_punce,1,2016,55.793,48.572,4.317,3.803,17.672,64.982,7.508,6.064,17.165,14.234,stdev
fantje_in_punce,1,2017,57.546,49.316,4.276,3.856,17.432,65.232,7.527,6.044,18.729,14.283,stdev
fantje_in_punce,1,2018,55.765,48.314,4.275,3.817,18.824,65.258,7.544,6.059,22.061,14.4,stdev
fantje_in_punce,1,2019,57.408,50.553,4.285,3.82,17.757,65.783,7.441,6.253,23.826,14.255,stdev
fantje_in_punce,1,2020,60.603,58.91,4.939,3.875,18.028,73.501,7.754,6.035,16.65,14.783,stdev
fantje_in_punce,1,2021,59.68,56.951,4.924,3.825,18.323,72.25,7.416,7.293,16.958,15.436,stdev
fantje_in_punce,1,vsa_leta,56.918,50.764,4.455,3.871,17.729,67.48,7.515,6.181,18.88,14.557,stdev
fantje_in_punce,2,2009,55.56,61.778,5.023,4.04,18.558,57.288,7.686,6.304,20.102,13.039,stdev
fantje_in_punce,2,2010,56.596,62.993,5.085,4.075,18.543,56.634,7.671,6.393,20.676,12.916,stdev
fantje_in_punce,2,2011,56.15,62.124,4.973,4.062,17.93,56.747,7.731,6.221,20.766,13.121,stdev
fantje_in_punce,2,2012,56.761,61.446,4.948,4.051,18.472,55.29,7.561,6.285,20.703,13.023,stdev
fantje_in_punce,2,2013,55.591,62.122,5.102,4.011,18.133,54.927,7.747,6.307,20.634,13.518,stdev
fantje_in_punce,2,2014,56.613,61.444,5.015,4.092,18.184,54.117,7.687,6.375,21.087,13.013,stdev
fantje_in_punce,2,2015,56.678,61.053,4.978,4.013,18.266,53.344,7.775,6.409,21.766,12.608,stdev
fantje_in_punce,2,2016,56.627,61.529,5.065,4.047,18.609,53.486,7.746,6.436,20.851,13.009,stdev
fantje_in_punce,2,2017,57.53,61.436,4.949,4.23,18.209,52.627,7.69,6.42,21.512,12.891,stdev
fantje_in_punce,2,2018,56.602,60.272,5.037,3.892,19.965,56.532,7.589,6.514,23.778,13.501,stdev
fantje_in_punce,2,2019,57.225,60.527,4.943,3.906,18.297,53.298,7.679,6.526,25.173,12.919,stdev
fantje_in_punce,2,2020,62.652,69.304,5.447,4.152,18.923,65.738,8.116,6.472,19.869,14.539,stdev
fantje_in_punce,2,2021,57.964,67.769,5.51,4.019,18.804,63.028,7.752,6.411,19.618,14.49,stdev
fantje_in_punce,2,vsa_leta,56.95,62.341,5.073,4.05,18.561,56.233,7.73,6.398,21.522,13.243,stdev
fantje_in_punce,3,2009,61.608,74.224,5.65,4.341,19.577,51.776,8.087,6.559,22.901,12.078,stdev
fantje_in_punce,3,2010,59.826,75.224,5.669,4.194,19.565,50.731,7.917,6.715,22.993,12.252,stdev
fantje_in_punce,3,2011,61.213,75.172,5.59,4.225,19.4,50.932,8.08,6.69,23.025,12.532,stdev
fantje_in_punce,3,2012,59.818,74.064,5.633,4.381,19.251,51.561,8.092,6.663,23.919,12.016,stdev
fantje_in_punce,3,2013,63.27,77.582,5.624,4.3,19.344,48.668,8.129,6.586,23.253,12.72,stdev
fantje_in_punce,3,2014,59.797,75.276,5.69,4.196,19.479,50.562,8.024,6.583,23.883,12.507,stdev
fantje_in_punce,3,2015,61.263,73.834,5.507,4.174,19.288,49.122,7.995,6.757,24.068,12.142,stdev
fantje_in_punce,3,2016,61.011,74.028,5.69,4.284,19.58,49.24,8.008,6.803,24.101,12.491,stdev
fantje_in_punce,3,2017,60.71,74.468,5.597,4.214,19.419,49.732,7.988,6.861,24.165,12.11,stdev
fantje_in_punce,3,2018,60.977,74.604,5.622,4.026,19.713,51.055,7.896,6.88,25.612,18.909,stdev
fantje_in_punce,3,2019,61.354,73.872,5.643,4.035,19.616,50.302,7.894,6.885,25.133,12.53,stdev
fantje_in_punce,3,2020,65.843,81.846,5.88,4.248,20.051,57.582,8.223,6.736,22.578,13.717,stdev
fantje_in_punce,3,2021,62.884,80.273,6.111,4.098,20.286,59.298,8.206,6.938,22.571,13.571,stdev
fantje_in_punce,3,vsa_leta,61.395,75.526,5.685,4.215,19.592,51.576,8.059,6.757,23.866,13.236,stdev
fantje_in_punce,4,2009,65.593,87.181,6.035,4.334,20.197,47.093,8.348,6.811,24.95,11.748,stdev
fantje_in_punce,4,2010,66.549,88.974,6.156,4.35,20.467,46.874,8.237,6.891,25.041,11.785,stdev
fantje_in_punce,4,2011,65.901,88.894,6.011,4.339,20.389,48.254,8.463,6.881,25.258,11.907,stdev
fantje_in_punce,4,2012,66.83,88.531,6.016,4.365,20.318,48.193,8.344,7.065,25.545,11.947,stdev
fantje_in_punce,4,2013,65.635,88.314,6.048,4.46,20.128,47.533,8.679,6.985,25.86,11.981,stdev
fantje_in_punce,4,2014,65.998,88.637,6.054,4.26,20.114,46.634,8.492,7.032,26.039,11.888,stdev
fantje_in_punce,4,2015,65.728,89.133,6.078,4.34,20.31,46.474,8.373,7.03,26.048,11.742,stdev
fantje_in_punce,4,2016,66.255,88.572,6.108,4.244,20.51,45.742,8.4,7.037,25.56,12.29,stdev
fantje_in_punce,4,2017,66.473,88.074,6.103,4.208,20.289,46.031,8.383,7.207,26.311,11.933,stdev
fantje_in_punce,4,2018,65.864,88.81,6.102,4.215,21.485,49.47,8.421,7.325,27.158,24.612,stdev
fantje_in_punce,4,2019,66.269,88.234,6.079,4.115,20.503,48.026,8.383,7.323,28.218,12.149,stdev
fantje_in_punce,4,2020,71.849,97.989,6.457,4.246,20.837,55.367,8.615,7.141,24.51,13.424,stdev
fantje_in_punce,4,2021,67.539,95.451,6.539,4.186,21.207,55.353,8.382,7.394,24.275,13.347,stdev
fantje_in_punce,4,vsa_leta,66.517,89.561,6.138,4.291,20.568,48.545,8.45,7.104,25.922,13.808,stdev
fantje_in_punce,5,2009,70.837,100.425,6.337,4.488,21.105,45.188,8.834,7.188,25.959,11.217,stdev
fantje_in_punce,5,2010,70.912,101.959,6.483,4.46,21.64,44.411,8.771,7.272,26.138,11.529,stdev
fantje_in_punce,5,2011,71.565,104.187,6.367,4.467,21.672,44.832,8.886,7.267,26.428,11.501,stdev
fantje_in_punce,5,2012,70.518,102.507,6.295,4.407,21.46,44.83,8.895,7.292,26.834,11.907,stdev
fantje_in_punce,5,2013,71.539,102.539,6.376,4.36,21.32,43.952,9.021,7.326,26.332,11.449,stdev
fantje_in_punce,5,2014,70.666,102.568,6.363,4.372,21.055,44.238,8.93,7.352,26.98,11.385,stdev
fantje_in_punce,5,2015,71.156,102.058,6.416,4.413,21.298,43.69,8.859,7.385,27.336,11.787,stdev
fantje_in_punce,5,2016,71.195,104.23,6.465,4.38,21.638,45.087,8.893,7.448,26.827,11.756,stdev
fantje_in_punce,5,2017,71.109,102.843,6.45,4.405,21.482,43.115,8.891,7.496,26.805,11.55,stdev
fantje_in_punce,5,2018,72.005,102.98,6.514,4.437,22.177,50.271,8.969,7.694,29.771,20.177,stdev
fantje_in_punce,5,2019,71.313,104.401,6.509,4.296,22.132,44.786,8.901,7.779,28.801,11.85,stdev
fantje_in_punce,5,2020,77.504,112.449,6.606,4.248,22.179,50.769,9.032,7.598,25.344,12.621,stdev
fantje_in_punce,5,2021,72.125,110.817,7.01,4.361,22.596,51.227,8.975,7.797,25.316,13.019,stdev
fantje_in_punce,5,vsa_leta,71.614,104.083,6.492,4.407,21.72,45.975,8.948,7.47,27.013,12.76,stdev
fantje_in_punce,6,2009,74.609,112.268,6.51,4.614,22.414,41.377,9.316,7.631,25.699,11.058,stdev
fantje_in_punce,6,2010,75.182,113.64,6.494,4.619,22.442,41.882,9.209,7.856,26.34,11.157,stdev
fantje_in_punce,6,2011,75.02,115.007,6.596,4.619,22.498,42.939,9.514,7.851,25.894,11.695,stdev
fantje_in_punce,6,2012,75.997,116.146,6.501,4.609,22.625,42.75,9.503,7.923,26.347,11.426,stdev
fantje_in_punce,6,2013,74.632,115.062,6.568,4.613,22.747,42.132,9.501,7.817,26.594,11.345,stdev
fantje_in_punce,6,2014,76.075,114.093,6.527,4.485,22.789,42.598,9.4,7.947,26.843,11.461,stdev
fantje_in_punce,6,2015,75.448,115.391,6.507,4.536,22.69,41.008,9.436,8.067,26.896,11.127,stdev
fantje_in_punce,6,2016,75.673,116.295,6.569,4.528,22.806,41.687,9.276,8.07,26.434,11.509,stdev
fantje_in_punce,6,2017,75.472,117.385,6.644,4.566,23.073,41.947,9.509,8.163,26.654,11.387,stdev
fantje_in_punce,6,2018,78.763,118.699,6.579,5.043,24.002,43.503,9.467,8.291,27.418,16.688,stdev
fantje_in_punce,6,2019,76.86,116.869,6.627,4.487,23.056,42.086,9.528,8.417,28.236,11.506,stdev
fantje_in_punce,6,2020,79.369,126.475,6.83,4.524,23.646,52.347,9.536,8.214,25.155,12.72,stdev
fantje_in_punce,6,2021,76.735,124.761,7.088,4.486,23.812,48.033,9.358,8.547,24.86,13.01,stdev
fantje_in_punce,6,vsa_leta,76.157,117.035,6.628,4.616,23.004,43.306,9.453,8.077,26.524,12.147,stdev
fantje_in_punce,7,2009,77.367,120.055,6.562,4.933,24.2,38.897,9.917,8.124,25.983,11.187,stdev
fantje_in_punce,7,2010,76.354,120.942,6.613,4.883,24.534,39.277,9.803,8.283,26.244,11.189,stdev
fantje_in_punce,7,2011,77.292,122.606,6.612,4.83,24.45,40.607,9.907,8.358,26.268,11.719,stdev
fantje_in_punce,7,2012,76.936,123.458,6.575,4.875,24.727,41.313,10.197,8.449,26.484,11.638,stdev
fantje_in_punce,7,2013,77.877,124.72,6.659,4.776,24.771,39.818,10.129,8.36,27.05,11.854,stdev
fantje_in_punce,7,2014,76.332,121.863,6.6,4.795,24.675,40.571,10.018,8.367,26.732,11.485,stdev
fantje_in_punce,7,2015,78.257,122.49,6.571,4.767,24.818,39.678,10.03,8.594,27.425,11.357,stdev
fantje_in_punce,7,2016,77.392,123.93,6.625,4.739,24.534,39.293,9.9,8.68,26.984,11.244,stdev
fantje_in_punce,7,2017,77.454,123.769,6.637,4.705,24.835,39.28,9.925,8.772,27.112,11.425,stdev
fantje_in_punce,7,2018,77.345,126.694,6.777,4.824,26.581,42.177,9.897,8.844,27.492,24.712,stdev
fantje_in_punce,7,2019,77.881,126.595,6.681,4.749,24.907,38.552,9.88,8.872,28.199,11.513,stdev
fantje_in_punce,7,2020,82.132,134.801,6.955,4.709,25.752,45.026,9.974,8.878,26.031,12.314,stdev
fantje_in_punce,7,2021,83.287,133.864,7.087,4.728,25.985,46.037,10.021,9.248,25.204,12.913,stdev
fantje_in_punce,7,vsa_leta,78.18,124.994,6.693,4.81,25,40.824,9.998,8.612,26.783,13.213,stdev
fantje_in_punce,8,2009,77.352,121.16,6.509,5.214,26.982,36.037,10.275,8.492,26.696,11.915,stdev
fantje_in_punce,8,2010,78.774,124.014,6.503,5.266,27.198,35.462,10.384,8.618,26.615,11.244,stdev
fantje_in_punce,8,2011,76.997,123.903,6.613,5.182,27.466,37.548,10.417,8.715,26.756,11.867,stdev
fantje_in_punce,8,2012,78.646,124.359,6.571,5.244,27.529,38.032,10.522,8.783,27.088,11.993,stdev
fantje_in_punce,8,2013,77.611,125.124,6.64,5.156,27.705,38.38,10.768,8.891,27.448,12.364,stdev
fantje_in_punce,8,2014,78.673,125.2,6.643,5.076,27.682,37.662,10.51,8.788,27.543,12.079,stdev
fantje_in_punce,8,2015,77.36,123.898,6.559,5.041,27.767,37.54,10.494,8.849,27.386,11.772,stdev
fantje_in_punce,8,2016,79.198,125.466,6.635,4.909,27.857,37.461,10.19,9.041,27.626,11.669,stdev
fantje_in_punce,8,2017,78.299,126.624,6.565,4.987,27.182,35.982,10.571,9.123,27.656,11.58,stdev
fantje_in_punce,8,2018,78.652,125.786,6.609,5.024,28.019,41.139,10.401,9.144,28.972,13.987,stdev
fantje_in_punce,8,2019,78.18,130.266,6.783,5.074,27.804,37.297,10.463,9.33,27.543,12.051,stdev
fantje_in_punce,8,2020,80.532,132.919,6.69,4.984,28.191,37.554,10.376,9.12,26.484,12.747,stdev
fantje_in_punce,8,2021,79.16,136.43,7.148,4.912,28.472,42.101,10.317,9.623,26.423,12.936,stdev
fantje_in_punce,8,vsa_leta,78.409,126.448,6.658,5.098,27.686,37.983,10.46,8.97,27.322,12.187,stdev
fantje_in_punce,9,2009,79.794,122.432,6.478,5.599,30.21,34.27,10.945,8.623,26.997,12.515,stdev
fantje_in_punce,9,2010,80.587,122.429,6.574,5.499,30.544,34.677,10.645,8.814,27.459,12.191,stdev
fantje_in_punce,9,2011,81.449,124.077,6.554,5.528,30.535,34.848,10.879,8.86,27.392,12.228,stdev
fantje_in_punce,9,2012,80.457,123.731,6.599,5.59,30.947,35.49,10.89,8.836,27.686,12.43,stdev
fantje_in_punce,9,2013,81.502,124.35,6.53,5.464,30.685,35.946,11.034,8.878,28.114,12.67,stdev
fantje_in_punce,9,2014,81.322,123.359,6.547,5.298,30.646,34.542,10.871,8.955,28.345,12.147,stdev
fantje_in_punce,9,2015,81.84,125.336,6.609,5.313,30.451,34.331,10.673,8.932,28.121,11.715,stdev
fantje_in_punce,9,2016,80.616,124.098,6.581,5.256,30.459,36.329,10.652,8.954,28.079,12.152,stdev
fantje_in_punce,9,2017,82.199,126.014,6.528,5.301,30.549,35.045,10.998,9.132,28.299,11.921,stdev
fantje_in_punce,9,2018,88.03,129.566,6.686,5.475,31.606,37.289,11.09,9.263,30.039,19.556,stdev
fantje_in_punce,9,2019,82.104,128.013,6.554,5.426,30.725,33.959,10.898,9.395,28.648,12.009,stdev
fantje_in_punce,9,2020,83.489,134.086,6.5,5.273,30.786,37.248,10.523,9.182,27.821,13.587,stdev
fantje_in_punce,9,2021,82.202,137.267,7.01,5.281,30.939,39.83,10.768,9.579,27.132,12.872,stdev
fantje_in_punce,9,vsa_leta,81.942,126.209,6.606,5.428,30.704,35.653,10.876,9.035,28.059,13.041,stdev
fantje_in_punce,vsi_razredi_skupaj,2009,161.82,154.544,6.118,8.273,31.995,57.489,11.662,7.501,24.944,16.606,stdev
fantje_in_punce,vsi_razredi_skupaj,2010,161.94,155.913,6.182,8.169,31.876,56.828,11.456,7.588,25.244,16.555,stdev
fantje_in_punce,vsi_razredi_skupaj,2011,162.753,157.353,6.149,8.17,31.683,56.916,11.53,7.595,25.234,16.987,stdev
fantje_in_punce,vsi_razredi_skupaj,2012,163.037,157.297,6.131,8.187,31.631,57.298,11.561,7.646,25.539,16.567,stdev
fantje_in_punce,vsi_razredi_skupaj,2013,163.595,157.797,6.163,8.237,31.867,56.451,11.785,7.621,25.69,16.975,stdev
fantje_in_punce,vsi_razredi_skupaj,2014,163.973,156.405,6.131,8.211,31.757,56.292,11.649,7.636,25.922,16.879,stdev
fantje_in_punce,vsi_razredi_skupaj,2015,165.129,157.412,6.093,8.354,31.897,56.152,11.656,7.72,26.036,16.718,stdev
fantje_in_punce,vsi_razredi_skupaj,2016,163.977,156.585,6.129,8.231,31.871,56.49,11.511,7.735,25.663,16.88,stdev
fantje_in_punce,vsi_razredi_skupaj,2017,163.491,156.227,6.106,8.2,31.592,55.887,11.496,7.796,25.9,16.551,stdev
fantje_in_punce,vsi_razredi_skupaj,2018,162.456,156.001,6.16,8.132,32.392,58.018,11.41,7.898,27.508,21.752,stdev
fantje_in_punce,vsi_razredi_skupaj,2019,161.696,156.458,6.173,8.026,31.637,56.187,11.319,7.986,27.68,16.42,stdev
fantje_in_punce,vsi_razredi_skupaj,2020,154.029,156.739,6.448,7.643,30.563,62.522,11.01,7.901,24.7,16.5,stdev
fantje_in_punce,vsi_razredi_skupaj,2021,161.106,162.411,6.679,7.967,31.98,63.481,11.321,8.296,24.448,17.225,stdev
fantje_in_punce,vsi_razredi_skupaj,vsa_leta,162.727,157.225,6.206,8.161,31.836,57.592,11.521,7.771,25.852,17.248,stdev
